1200
+136.57077	-25.09038	0.0163	 0.332	 0.419185	 1.1891	 0.7437   
 -52.60582	  4.96858	0.0190	 0.385	 0.741785	 1.6812	 0.8340   
  +0.58281	  9.29052	0.0280	 0.562	 4.942477	 5.3123	 1.2205   
+160.52023	  0.27313	0.0220	 0.445	 0.901445	 1.8897	 0.8664   
-104.97716	 23.70704	0.0077	 0.158	 0.004231	 0.0725	 0.2935   
+125.55507	 41.59930	0.0059	 0.122	 0.001108	 0.0321	 0.2237   
  -9.09968	-32.63895	0.0097	 0.199	 0.012086	 0.1374	 0.3630   
+130.64639	-29.12708	0.0164	 0.334	 0.140515	 0.6106	 0.5955   
+105.41689	-16.72812	0.0174	 0.354	 0.142418	 0.6152	 0.5969   
+130.50050	-28.94330	0.0146	 0.298	 0.059605	 0.3624	 0.5007   
 -40.38894	 26.53594	0.0132	 0.270	 0.035984	 0.2666	 0.4523   
 -97.23736	 40.40239	0.0155	 0.316	 0.073319	 0.4109	 0.5220   
 -36.86139	 32.85565	0.0230	 0.464	 0.360859	 1.0806	 0.7189   
 -56.37917	 53.66917	0.0146	 0.298	 0.037214	 0.2719	 0.4550   
 -27.75238	-23.59966	0.0146	 0.298	 0.034601	 0.2601	 0.4483   
-150.41505	-36.48485	0.0326	 0.651	 1.852990	 2.9118	 0.9974   
+176.26129	-35.05401	0.0347	 0.691	 2.452387	 3.4496	 1.0547   
 +48.08721	 22.91636	0.0132	 0.270	 0.020277	 0.1879	 0.4025   
+126.84856	-30.28776	0.0170	 0.346	 0.069455	 0.3972	 0.5159   
 +25.13925	-75.86154	0.0300	 0.601	 1.029501	 2.0383	 0.8863   
 -43.68027	 28.56103	0.0391	 0.774	 3.819920	 4.5067	 1.1514   
 -42.78899	-25.80054	0.0194	 0.393	 0.115577	 0.5410	 0.5714   
 -42.50355	 30.91991	0.0160	 0.326	 0.044510	 0.3030	 0.4715   
 +91.61246	-15.92060	0.0190	 0.385	 0.095101	 0.4805	 0.5494   
 -46.46086	 27.98046	0.0123	 0.252	 0.010740	 0.1276	 0.3539   
+140.10118	-59.99319	0.0181	 0.368	 0.061808	 0.3697	 0.5035   
-164.28503	-17.72229	0.0284	 0.570	 0.537650	 1.3731	 0.7773   
+170.27104	-44.95386	0.0238	 0.480	 0.221118	 0.8012	 0.6505   
  +9.41179	 50.12020	0.0353	 0.702	 1.442058	 2.4945	 0.9465   
+125.19123	 41.48154	0.0056	 0.115	 0.000153	 0.0096	 0.1497   
+136.50718	-52.44867	0.0079	 0.162	 0.000829	 0.0268	 0.2107   
 +28.97022	 44.53526	0.0353	 0.702	 1.358380	 2.4052	 0.9351   
 -54.93699	 49.19239	0.0151	 0.308	 0.019578	 0.1837	 0.3992   
 -66.94887	-70.84766	0.0238	 0.480	 0.181484	 0.7103	 0.6249   
 -43.05090	 30.92979	0.0145	 0.296	 0.014948	 0.1559	 0.3780   
 +12.81165	 49.68130	0.0355	 0.706	 1.138819	 2.1598	 0.9020   
 +17.40843	 13.15769	0.0239	 0.482	 0.143362	 0.6151	 0.5956   
 +85.80197	 35.40185	0.0276	 0.554	 0.253721	 0.8691	 0.6676   
+103.47873	-33.08626	0.0309	 0.618	 0.441378	 1.2154	 0.7458   
  -0.18898	-33.23833	0.0192	 0.389	 0.039326	 0.2804	 0.4591   
+127.63046	-29.54398	0.0177	 0.360	 0.025452	 0.2153	 0.4205   
+172.18326	-30.78603	0.0311	 0.622	 0.391810	 1.1301	 0.7279   
-130.99661	-63.96095	0.0230	 0.464	 0.084804	 0.4469	 0.5356   
-178.62489	  3.79426	0.0300	 0.601	 0.312530	 0.9853	 0.6956   
+176.44175	-51.07759	0.0235	 0.474	 0.091018	 0.4664	 0.5432   
+168.38705	 29.84439	0.0228	 0.460	 0.076502	 0.4197	 0.5245   
 -48.01291	 30.72623	0.0480	 0.941	 3.138519	 3.9741	 1.1010   
-161.23336	-24.56318	0.0150	 0.306	 0.008942	 0.1140	 0.3405   
 +75.69786	 13.51506	0.0557	 1.082	 5.941793	 5.8345	 1.2483   
-156.70020	-36.16129	0.0397	 0.786	 1.080714	 2.0861	 0.8905   
-111.66312	-10.95298	0.0320	 0.639	 0.366151	 1.0838	 0.7176   
+162.21995	 28.93472	0.0340	 0.677	 0.488395	 1.2902	 0.7601   
+115.23190	-72.02989	0.0555	 1.078	 5.100085	 5.3163	 1.2103   
 +76.06469	-56.27919	0.0267	 0.537	 0.132105	 0.5841	 0.5849   
+161.36362	 26.24730	0.0381	 0.755	 0.757140	 1.6810	 0.8291   
 +69.52289	 32.07258	0.0307	 0.614	 0.249901	 0.8593	 0.6644   
 -19.13850	-33.39164	0.0556	 1.080	 4.871933	 5.1696	 1.1990   
 +96.72039	-50.25912	0.0400	 0.791	 0.907732	 1.8752	 0.8593   
 +11.39379	 49.45820	0.0442	 0.870	 1.482131	 2.5215	 0.9473   
+125.71403	-64.06204	0.0442	 0.870	 1.437223	 2.4747	 0.9413   
 -47.43081	 35.02385	0.0458	 0.900	 1.667482	 2.7065	 0.9694   
-120.67327	 24.79888	0.0542	 1.054	 3.849660	 4.4824	 1.1439   
 +94.62035	-41.20035	0.0416	 0.821	 1.002026	 1.9896	 0.8760   
 -55.12148	 45.44975	0.0473	 0.928	 1.897483	 2.9254	 0.9944   
 -30.65293	 -9.91656	0.0480	 0.941	 1.972425	 2.9939	 1.0019   
 +39.94046	 46.49012	0.0326	 0.651	 0.284521	 0.9289	 0.6815   
 -11.55163	-65.94110	0.0450	 0.885	 1.405897	 2.4403	 0.9367   
-113.58332	-30.29135	0.0358	 0.712	 0.447219	 1.2212	 0.7459   
 +31.47792	 44.65868	0.0370	 0.735	 0.508824	 1.3202	 0.7652   
 +19.24755	-33.24308	0.0200	 0.405	 0.023408	 0.2042	 0.4129   
-129.05742	 33.06312	0.0175	 0.356	 0.011749	 0.1344	 0.3594   
  -3.63945	-76.08182	0.0475	 0.931	 1.629622	 2.6658	 0.9640   
 +76.19526	  5.75150	0.0561	 1.089	 3.492455	 4.2185	 1.1203   
 -64.28795	 15.56196	0.0320	 0.639	 0.202347	 0.7549	 0.6361   
-117.07394	 25.09682	0.0539	 1.049	 2.716018	 3.6243	 1.0658   
 +33.82132	 77.18418	0.0622	 1.199	 5.478067	 5.5280	 1.2236   
 +88.50434	-60.83192	0.0223	 0.451	 0.031560	 0.2447	 0.4383   
 -87.87272	-40.13470	0.0589	 1.139	 3.977333	 4.5579	 1.1485   
+167.42949	-52.71806	0.0221	 0.447	 0.029541	 0.2351	 0.4325   
 +34.40092	 51.52751	0.0411	 0.812	 0.624786	 1.4922	 0.7960   
+111.01445	 31.75974	0.0581	 1.125	 3.543467	 4.2502	 1.1224   
-168.92040	 44.40071	0.0230	 0.464	 0.034422	 0.2579	 0.4459   
 -18.10208	-32.13140	0.0148	 0.302	 0.003581	 0.0652	 0.2827   
 -46.67102	 30.35784	0.0490	 0.959	 1.345772	 2.3698	 0.9265   
 +35.30820	-34.79652	0.0282	 0.566	 0.085412	 0.4473	 0.5349   
-124.82877	-31.09082	0.0380	 0.754	 0.372779	 1.0913	 0.7179   
 +75.16604	-34.13136	0.0253	 0.509	 0.048016	 0.3154	 0.4765   
 +81.71053	-41.34329	0.0255	 0.513	 0.049251	 0.3203	 0.4789   
-157.02773	 67.74906	0.0314	 0.628	 0.137905	 0.5978	 0.5886   
-113.48101	-26.08442	0.0468	 0.918	 0.996636	 1.9761	 0.8726   
 -53.81658	-60.94009	0.0277	 0.556	 0.072779	 0.4058	 0.5179   
+166.85559	-42.70269	0.0258	 0.519	 0.050435	 0.3249	 0.4812   
-111.93172	  6.25225	0.0410	 0.810	 0.505538	 1.3115	 0.7625   
 -92.99682	-12.32660	0.0390	 0.772	 0.383258	 1.1092	 0.7216   
+158.22956	 74.44722	0.0381	 0.755	 0.340250	 1.0322	 0.7047   
-129.74049	-24.41728	0.0420	 0.829	 0.551689	 1.3823	 0.7758   
 +49.01669	 35.92841	0.0337	 0.672	 0.182441	 0.7079	 0.6223   
-146.12844	-34.94161	0.0360	 0.716	 0.253692	 0.8642	 0.6646   
-155.72547	 80.02404	0.0283	 0.568	 0.076411	 0.4179	 0.5229   
 -96.75667	-25.18815	0.0506	 0.989	 1.375477	 2.3989	 0.9298   
 +74.97727	 78.09292	0.0240	 0.484	 0.033179	 0.2520	 0.4423   
 +93.44835	-43.17865	0.0428	 0.844	 0.579983	 1.4243	 0.7834   
 +14.85626	  5.11711	0.0450	 0.885	 0.727127	 1.6325	 0.8193   
 +93.85771	-38.80085	0.0422	 0.833	 0.521412	 1.3354	 0.7669   
 -94.94772	-48.93490	0.0590	 1.141	 2.764920	 3.6513	 1.0667   
 +94.22135	-38.90836	0.0389	 0.771	 0.337656	 1.0268	 0.7033   
 +34.22155	-15.09275	0.0280	 0.562	 0.062381	 0.3693	 0.5019   
-102.32675	-83.27167	0.0191	 0.387	 0.009035	 0.1144	 0.3405   
 +17.77134	-39.60393	0.0382	 0.757	 0.283225	 0.9229	 0.6789   
 +91.82003	 30.21516	0.0266	 0.535	 0.046842	 0.3104	 0.4738   
-142.55447	-33.62600	0.0335	 0.668	 0.146530	 0.6194	 0.5952   
-120.00932	  3.77057	0.0490	 0.959	 0.970025	 1.9409	 0.8668   
-114.86007	-21.05036	0.0333	 0.664	 0.138672	 0.5990	 0.5887   
+117.86144	-55.94104	0.0395	 0.782	 0.319960	 0.9933	 0.6954   
 -97.62253	-25.14872	0.0514	 1.003	 1.160127	 2.1612	 0.8978   
 +98.27295	 32.00205	0.0248	 0.500	 0.030499	 0.2392	 0.4347   
 -11.66989	-64.81156	0.0564	 1.094	 1.811143	 2.8261	 0.9802   
 +84.14624	-47.54465	0.0424	 0.836	 0.422374	 1.1742	 0.7346   
 +17.33646	 24.12862	0.0313	 0.626	 0.091535	 0.4656	 0.5416   
-107.50034	 28.95289	0.0302	 0.605	 0.076522	 0.4177	 0.5225   
+147.57080	-30.00860	0.0353	 0.702	 0.162758	 0.6596	 0.6075   
 +68.94862	 35.42350	0.0276	 0.554	 0.047690	 0.3136	 0.4753   
+136.91508	-53.26825	0.0491	 0.961	 0.828139	 1.7624	 0.8393   
 -47.60364	 30.56476	0.0488	 0.955	 0.796247	 1.7210	 0.8328   
-144.07767	 69.76361	0.0258	 0.519	 0.033021	 0.2510	 0.4415   
 -25.13961	 72.19524	0.0228	 0.460	 0.017446	 0.1704	 0.3884   
 -47.27846	 28.95282	0.0487	 0.954	 0.766811	 1.6821	 0.8265   
-129.58449	-26.01935	0.0390	 0.772	 0.249133	 0.8530	 0.6611   
-139.56948	 66.28147	0.0319	 0.637	 0.090281	 0.4615	 0.5399   
+164.18468	-38.86952	0.0739	 1.405	 6.088643	 5.8488	 1.2421   
-160.42456	 33.73474	0.0286	 0.574	 0.051810	 0.3297	 0.4831   
-119.92312	 59.15103	0.0353	 0.702	 0.144283	 0.6129	 0.5928   
+156.19863	-69.06057	0.0409	 0.808	 0.296426	 0.9472	 0.6842   
+147.10815	-20.54594	0.0488	 0.955	 0.713622	 1.6098	 0.8145   
 -27.24356	 49.30874	0.0354	 0.704	 0.142062	 0.6071	 0.5909   
+135.64762	-61.95360	0.0450	 0.885	 0.467516	 1.2471	 0.7489   
 -55.57398	 32.47777	0.0554	 1.076	 1.323277	 2.3354	 0.9201   
 +53.51300	-29.82982	0.0494	 0.966	 0.737509	 1.6418	 0.8197   
 -32.69484	 10.00565	0.0580	 1.123	 1.645635	 2.6628	 0.9604   
 -44.56025	-46.98531	0.0286	 0.574	 0.047485	 0.3126	 0.4746   
-148.00756	 39.68332	0.0292	 0.585	 0.052011	 0.3303	 0.4833   
+149.52419	-84.15448	0.0569	 1.103	 1.460216	 2.4774	 0.9379   
+137.00639	-28.15553	0.0363	 0.721	 0.149289	 0.6253	 0.5966   
 -88.74230	-20.94306	0.0322	 0.643	 0.081904	 0.4348	 0.5292   
 -45.14989	 23.71090	0.0377	 0.748	 0.179580	 0.6992	 0.6190   
-119.20979	-46.52145	0.0501	 0.979	 0.725639	 1.6249	 0.8167   
-119.05753	 43.98759	0.0445	 0.876	 0.401983	 1.1377	 0.7265   
 -56.21573	 33.64295	0.0544	 1.058	 1.093054	 2.0799	 0.8855   
  +3.29097	-62.35164	0.0289	 0.579	 0.046107	 0.3070	 0.4717   
 +81.25597	 39.48152	0.0290	 0.581	 0.045392	 0.3040	 0.4702   
 +34.97368	 42.81266	0.0308	 0.616	 0.060798	 0.3629	 0.4985   
 +28.12291	-46.52942	0.0328	 0.655	 0.082868	 0.4378	 0.5303   
+118.74609	-37.00712	0.0341	 0.679	 0.098812	 0.4869	 0.5493   
 -88.40254	-12.50913	0.0620	 1.195	 1.969423	 2.9629	 0.9940   
 +21.43615	-40.13637	0.0381	 0.755	 0.170094	 0.6763	 0.6121   
 -56.78441	 31.60326	0.0535	 1.042	 0.931025	 1.8872	 0.8575   
 -14.16839	-34.28285	0.0505	 0.987	 0.691313	 1.5771	 0.8085   
-106.80339	 23.32268	0.0344	 0.685	 0.099877	 0.4900	 0.5504   
-169.00230	  6.65963	0.0680	 1.302	 3.033343	 3.8399	 1.0816   
+135.74048	 -9.05316	0.0489	 0.957	 0.573141	 1.4083	 0.7789   
 +67.26799	 43.93095	0.0317	 0.633	 0.065512	 0.3796	 0.5059   
+151.85666	-75.04546	0.0519	 1.012	 0.763259	 1.6737	 0.8243   
+101.78355	-52.47721	0.0396	 0.784	 0.196280	 0.7373	 0.6296   
+151.79428	 63.55659	0.0341	 0.679	 0.090252	 0.4608	 0.5392   
 +60.60278	 29.07205	0.0428	 0.844	 0.280225	 0.9141	 0.6757   
 +85.20632	 34.34078	0.0272	 0.546	 0.028398	 0.2287	 0.4279   
 +69.33949	-11.51026	0.0482	 0.944	 0.484635	 1.2720	 0.7531   
 +29.92543	 43.97914	0.0370	 0.735	 0.128329	 0.5700	 0.5783   
-116.45579	-26.29098	0.0442	 0.870	 0.310523	 0.9722	 0.6894   
-150.52274	-27.21189	0.0398	 0.788	 0.182205	 0.7045	 0.6201   
 -13.60626	-41.37691	0.0491	 0.961	 0.517256	 1.3227	 0.7628   
 -25.72348	-50.71360	0.0355	 0.706	 0.102021	 0.4961	 0.5524   
 +44.22170	 48.68553	0.0894	 1.669	10.676087	 8.1491	 1.3803   
+164.31546	-39.45796	0.0722	 1.375	 3.592916	 4.2452	 1.1169   
-130.07006	 15.28712	0.0704	 1.344	 3.090208	 3.8772	 1.0843   
 +78.67584	 81.34553	0.0362	 0.719	 0.109082	 0.5165	 0.5598   
 -15.22612	-81.85429	0.0491	 0.961	 0.494670	 1.2872	 0.7559   
 +96.94959	-53.62580	0.0562	 1.091	 0.973729	 1.9360	 0.8641   
 +77.72168	 26.70822	0.0501	 0.979	 0.534051	 1.3478	 0.7673   
-168.94684	 47.23638	0.0269	 0.541	 0.023850	 0.2056	 0.4130   
 -41.96423	 17.76481	0.0490	 0.959	 0.470315	 1.2483	 0.7482   
 +53.97777	-45.10793	0.0582	 1.127	 1.108636	 2.0925	 0.8862   
 +18.34918	-35.22143	0.0408	 0.806	 0.177439	 0.6927	 0.6164   
 +64.47119	 29.40882	0.0423	 0.835	 0.213329	 0.7743	 0.6394   
 -10.66989	-76.48969	0.0490	 0.959	 0.441862	 1.2016	 0.7388   
-107.06540	-56.07656	0.0752	 1.427	 3.815928	 4.3948	 1.1288   
+177.97751	 -4.66195	0.0580	 1.123	 1.018021	 1.9868	 0.8711   
 +31.82268	 44.17246	0.0321	 0.641	 0.052369	 0.3311	 0.4833   
 +18.90709	 60.04181	0.0444	 0.874	 0.262857	 0.8782	 0.6664   
 +24.68722	-40.48885	0.0333	 0.664	 0.062317	 0.3678	 0.5003   
 -97.55171	-42.34934	0.0400	 0.791	 0.154759	 0.6376	 0.5998   
 -56.42519	 47.48941	0.0462	 0.907	 0.317309	 0.9838	 0.6917   
+100.44896	-38.43571	0.0565	 1.096	 0.868893	 1.8057	 0.8442   
 -53.90551	 25.12140	0.0497	 0.972	 0.455873	 1.2242	 0.7432   
 +68.23729	 15.17420	0.0567	 1.100	 0.873617	 1.8114	 0.8450   
-116.54383	-19.96307	0.0554	 1.076	 0.769293	 1.6778	 0.8240   
 -56.00917	 32.53260	0.0541	 1.053	 0.680511	 1.5583	 0.8043   
 -56.29058	 33.84443	0.0542	 1.054	 0.670025	 1.5435	 0.8018   
 +58.30996	 18.54726	0.0650	 1.248	 1.611874	 2.6168	 0.9527   
 -63.57845	-32.48770	0.0613	 1.183	 1.200899	 2.1924	 0.8992   
 -47.20384	 30.28712	0.0448	 0.881	 0.241244	 0.8332	 0.6548   
 +18.00355	-58.50690	0.0579	 1.121	 0.857532	 1.7896	 0.8413   
+150.61447	-19.93245	0.0464	 0.911	 0.282261	 0.9159	 0.6754   
+169.26708	 42.11715	0.0352	 0.700	 0.070626	 0.3965	 0.5127   
-177.56662	-28.28626	0.0882	 1.649	 7.217588	 6.4240	 1.2756   
 +42.83668	 56.61801	0.0723	 1.377	 2.627874	 3.5078	 1.0480   
-106.95417	 36.85933	0.0586	 1.134	 0.904947	 1.8484	 0.8502   
-167.25422	 33.14545	0.0503	 0.983	 0.413163	 1.1524	 0.7283   
-102.36305	 57.57272	0.0468	 0.918	 0.286710	 0.9244	 0.6774   
-173.14838	  0.26781	0.0654	 1.256	 1.527879	 2.5321	 0.9422   
+124.98562	-35.89134	0.0451	 0.887	 0.233877	 0.8174	 0.6505   
 -20.84335	-47.12238	0.0385	 0.763	 0.105898	 0.5065	 0.5557   
 +17.64803	 24.82824	0.0408	 0.806	 0.140920	 0.6019	 0.5882   
+130.59808	-47.03208	0.0442	 0.870	 0.200634	 0.7449	 0.6309   
 -92.77685	-29.39330	0.0369	 0.733	 0.081480	 0.4321	 0.5274   
 +68.62919	-46.58513	0.0594	 1.148	 0.882529	 1.8194	 0.8455   
-153.19774	 42.77382	0.0316	 0.631	 0.037093	 0.2684	 0.4507   
 +19.56369	-80.98550	0.0620	 1.195	 1.086002	 2.0611	 0.8807   
 +40.06795	 74.94856	0.0612	 1.181	 1.016556	 1.9807	 0.8693   
-179.02734	-42.02212	0.0302	 0.605	 0.029697	 0.2346	 0.4311   
 -40.69622	 33.00272	0.0468	 0.918	 0.261925	 0.8749	 0.6651   
 -95.19920	-51.12385	0.0624	 1.202	 1.101682	 2.0786	 0.8831   
 -31.68705	-48.60511	0.0423	 0.835	 0.156089	 0.6400	 0.6001   
+142.84359	-77.60396	0.0533	 1.038	 0.491051	 1.2778	 0.7530   
+160.06733	 14.56844	0.0510	 0.996	 0.392691	 1.1167	 0.7205   
 +22.78661	 60.49686	0.0586	 1.134	 0.770331	 1.6755	 0.8228   
-117.58533	-37.41352	0.0536	 1.043	 0.486610	 1.2705	 0.7515   
-163.42851	  7.66804	0.0640	 1.231	 1.182909	 2.1684	 0.8951   
 -45.50640	 13.51179	0.0740	 1.406	 2.448410	 3.3558	 1.0321   
-157.97838	 20.59342	0.0400	 0.791	 0.110717	 0.5199	 0.5603   
 -94.78417	-24.97202	0.0540	 1.051	 0.496316	 1.2855	 0.7544   
 -52.43573	-22.29403	0.0728	 1.386	 2.235082	 3.1770	 1.0138   
 -16.18558	-26.67079	0.0570	 1.105	 0.633984	 1.4895	 0.7916   
+159.06653	-58.92575	0.0427	 0.842	 0.147336	 0.6177	 0.5930   
 -67.47587	-10.61458	0.0610	 1.177	 0.837570	 1.7603	 0.8359   
 -93.99684	-47.18494	0.0447	 0.879	 0.173097	 0.6806	 0.6121   
-166.24021	 53.24165	0.0499	 0.976	 0.297744	 0.9440	 0.6815   
 -30.29111	  7.20320	0.0360	 0.716	 0.058044	 0.3516	 0.4925   
 -51.14101	 21.49481	0.0495	 0.968	 0.275212	 0.9000	 0.6708   
 -87.91259	-11.45139	0.0610	 1.177	 0.783054	 1.6896	 0.8245   
 +57.91006	 27.64563	0.0757	 1.436	 2.312610	 3.2372	 1.0192   
-134.03494	  0.52927	0.0750	 1.424	 2.204624	 3.1457	 1.0098   
-169.24083	-53.73930	0.0342	 0.681	 0.042077	 0.2893	 0.4617   
 -90.57115	-47.11480	0.0570	 1.105	 0.537529	 1.3469	 0.7655   
  -2.24890	-41.71907	0.0487	 0.954	 0.244269	 0.8373	 0.6550   
  -3.94281	-49.52406	0.0620	 1.195	 0.811447	 1.7255	 0.8300   
 +35.73166	 69.52093	0.0375	 0.744	 0.064889	 0.3759	 0.5033   
 -53.27369	 58.61858	0.0845	 1.587	 3.853573	 4.3928	 1.1252   
-123.55839	  3.03399	0.1028	 1.890	10.487506	 7.9855	 1.3650   
 -98.85767	-25.62353	0.0511	 0.998	 0.299464	 0.9466	 0.6818   
 -47.85210	 20.71286	0.0519	 1.012	 0.321234	 0.9874	 0.6913   
-129.84935	-47.14466	0.0600	 1.159	 0.664945	 1.5303	 0.7980   
 -32.43792	  9.18473	0.0560	 1.087	 0.468575	 1.2396	 0.7448   
 -92.73063	-48.72596	0.0464	 0.911	 0.181068	 0.6987	 0.6171   
 -12.11588	-77.94180	0.0500	 0.977	 0.261854	 0.8728	 0.6639   
-108.60716	 52.73258	0.0398	 0.788	 0.083813	 0.4388	 0.5296   
 +93.93147	 34.92416	0.0809	 1.525	 2.949060	 3.7410	 1.0678   
 -24.41035	-46.45744	0.0760	 1.441	 2.097956	 3.0499	 0.9991   
 -17.17358	-30.49859	0.0600	 1.159	 0.625870	 1.4748	 0.7882   
+112.44407	 57.00185	0.0701	 1.338	 1.370998	 2.3626	 0.9193   
 +65.34119	-64.85422	0.0852	 1.598	 3.557935	 4.1821	 1.1066   
-119.02968	-30.65320	0.0479	 0.939	 0.194629	 0.7294	 0.6257   
-129.50806	-25.25886	0.0424	 0.836	 0.104752	 0.5018	 0.5533   
+171.71022	 43.17432	0.0510	 0.996	 0.262678	 0.8739	 0.6640   
 +22.87944	-29.10523	0.0564	 1.094	 0.433695	 1.1821	 0.7330   
  -7.16018	-49.32370	0.0593	 1.147	 0.558388	 1.3764	 0.7705   
+143.76302	 57.83390	0.0527	 1.027	 0.304952	 0.9561	 0.6838   
 +31.95417	 78.71478	0.0724	 1.379	 1.486290	 2.4779	 0.9333   
-174.75218	 18.08915	0.0672	 1.287	 1.012013	 1.9673	 0.8657   
-164.92424	-15.08127	0.0680	 1.302	 1.062668	 2.0256	 0.8739   
+165.14829	 14.05334	0.0670	 1.284	 0.956994	 1.9016	 0.8560   
 +49.81474	-44.54189	0.0579	 1.121	 0.447234	 1.2033	 0.7370   
 +94.26844	-62.62207	0.0379	 0.752	 0.052338	 0.3297	 0.4817   
 +48.13026	 57.16132	0.0777	 1.470	 1.884743	 2.8536	 0.9766   
-177.99824	 63.92930	0.0353	 0.702	 0.035575	 0.2610	 0.4460   
 +14.39416	-14.03930	0.0560	 1.087	 0.355131	 1.0468	 0.7040   
-176.74902	 56.88776	0.0491	 0.961	 0.182714	 0.7013	 0.6174   
-168.53704	 25.51670	0.0621	 1.197	 0.591999	 1.4236	 0.7785   
 -42.33736	-35.77749	0.0586	 1.134	 0.429646	 1.1736	 0.7308   
+102.79037	-32.49782	0.0613	 1.183	 0.532981	 1.3360	 0.7624   
-113.99049	-51.76047	0.0603	 1.165	 0.489851	 1.2699	 0.7498   
-170.11855	 15.16913	0.0620	 1.195	 0.560566	 1.3771	 0.7699   
 +84.83982	-62.16367	0.0786	 1.486	 1.852614	 2.8221	 0.9727   
 +46.48558	-49.45472	0.0846	 1.588	 2.672473	 3.5139	 1.0445   
 -68.99235	 48.86685	0.0688	 1.316	 0.935270	 1.8728	 0.8512   
 +85.82382	-16.66620	0.0780	 1.476	 1.757551	 2.7340	 0.9627   
 -42.40488	-17.81557	0.0690	 1.319	 0.928838	 1.8647	 0.8499   
 -16.18975	-32.88066	0.0516	 1.007	 0.214478	 0.7720	 0.6369   
+151.33120	-77.40848	0.0448	 0.881	 0.104413	 0.5000	 0.5523   
 -40.50637	-27.51292	0.0726	 1.382	 1.181329	 2.1539	 0.8907   
 -58.04866	-50.30400	0.0661	 1.268	 0.734662	 1.6195	 0.8116   
-149.75746	 15.59257	0.0620	 1.195	 0.530802	 1.3320	 0.7614   
 +81.20366	-41.95238	0.0768	 1.455	 1.558638	 2.5431	 0.9401   
+110.04703	 31.27638	0.0584	 1.130	 0.388635	 1.1041	 0.7161   
 -93.15601	-14.35894	0.0740	 1.406	 1.279395	 2.2590	 0.9045   
 +57.69085	 52.30103	0.0654	 1.256	 0.684165	 1.5514	 0.8003   
+173.41855	 16.46924	0.0910	 1.696	 3.603233	 4.1975	 1.1059   
+157.72625	 28.89547	0.0384	 0.761	 0.046280	 0.3058	 0.4697   
+140.56288	 59.13681	0.0510	 0.996	 0.188477	 0.7138	 0.6206   
-110.00383	 40.35165	0.0540	 1.051	 0.250906	 0.8481	 0.6567   
-112.41877	-56.06997	0.0643	 1.236	 0.593611	 1.4238	 0.7780   
 +40.62597	 77.13983	0.0748	 1.420	 1.273561	 2.2515	 0.9033   
 +25.68671	 11.39401	0.0728	 1.386	 1.112577	 2.0762	 0.8798   
-104.67184	-56.29667	0.0718	 1.368	 1.027456	 1.9792	 0.8662   
-103.40864	 42.03907	0.0650	 1.248	 0.620608	 1.4622	 0.7847   
 +57.59083	 34.94473	0.0802	 1.513	 1.783924	 2.7548	 0.9644   
+120.07636	-33.25132	0.0712	 1.358	 0.949621	 1.8872	 0.8527   
-140.51426	-35.90965	0.0720	 1.372	 1.004022	 1.9513	 0.8620   
  +6.70196	-35.54805	0.0894	 1.669	 2.963013	 3.7297	 1.0637   
-116.33576	 67.75326	0.0834	 1.568	 2.074613	 3.0137	 0.9927   
 +81.33501	-68.52996	0.0765	 1.450	 1.336537	 2.3160	 0.9113   
 +56.78937	 36.31241	0.0953	 1.767	 4.045226	 4.4908	 1.1295   
-135.05583	-69.26922	0.0604	 1.166	 0.399145	 1.1207	 0.7192   
 -24.07265	-41.34448	0.0602	 1.163	 0.386497	 1.0991	 0.7146   
-139.42280	-38.48468	0.0670	 1.284	 0.655020	 1.5091	 0.7925   
-171.62692	  7.02185	0.0810	 1.527	 1.711944	 2.6850	 0.9560   
-102.88726	-27.25811	0.0553	 1.074	 0.247827	 0.8410	 0.6546   
 -38.56102	 44.34892	0.0557	 1.082	 0.252995	 0.8514	 0.6572   
-172.68169	 69.74749	0.0430	 0.848	 0.068931	 0.3886	 0.5081   
-105.84826	-30.05692	0.0515	 1.005	 0.169791	 0.6695	 0.6074   
 +18.62599	 59.57759	0.0456	 0.896	 0.091606	 0.4614	 0.5375   
+169.51585	 82.35500	0.0594	 1.148	 0.342342	 1.0213	 0.6975   
 -37.39326	 59.48567	0.0852	 1.598	 2.127767	 3.0567	 0.9968   
 +33.45173	-49.92670	0.0570	 1.105	 0.276397	 0.8978	 0.6687   
 +57.12157	-61.89152	0.0659	 1.264	 0.573779	 1.3931	 0.7719   
 -69.74372	 30.19865	0.0685	 1.310	 0.696381	 1.5649	 0.8018   
+116.57842	-84.08426	0.0581	 1.125	 0.303458	 0.9497	 0.6811   
+120.73168	-38.43738	0.0830	 1.561	 1.839590	 2.8014	 0.9690   
 +13.11601	-73.04881	0.0643	 1.236	 0.504007	 1.2886	 0.7525   
 -72.26818	 26.48388	0.0697	 1.331	 0.753240	 1.6403	 0.8141   
+136.93396	 59.48807	0.0650	 1.248	 0.528068	 1.3251	 0.7594   
 -44.99267	 10.06160	0.0966	 1.789	 3.918665	 4.4006	 1.1214   
 -27.77755	-46.37977	0.0980	 1.812	 4.204419	 4.5890	 1.1367   
+146.95551	-39.43218	0.0657	 1.261	 0.541372	 1.3447	 0.7629   
 -28.03777	-45.78216	0.0750	 1.424	 1.050267	 2.0015	 0.8685   
 -21.99355	-45.68570	0.0824	 1.551	 1.678567	 2.6504	 0.9514   
 +38.80549	-46.92660	0.0614	 1.184	 0.365145	 1.0608	 0.7059   
 +91.32168	 61.67733	0.0716	 1.365	 0.790784	 1.6874	 0.8214   
 -39.70734	-37.78548	0.0559	 1.085	 0.225924	 0.7945	 0.6422   
 -49.44070	-23.42440	0.0737	 1.401	 0.893157	 1.8148	 0.8410   
-143.89484	 61.78012	0.0450	 0.885	 0.073814	 0.4046	 0.5146   
 -86.19593	 33.91344	0.0639	 1.229	 0.419825	 1.1530	 0.7252   
+101.71796	-49.21622	0.0726	 1.382	 0.796240	 1.6934	 0.8221   
 +30.30848	-51.40237	0.0691	 1.321	 0.619866	 1.4571	 0.7828   
 -30.76374	 48.13079	0.0698	 1.333	 0.637642	 1.4817	 0.7870   
 +12.74728	 -7.04652	0.0680	 1.302	 0.553785	 1.3613	 0.7655   
+100.10237	-38.88735	0.0601	 1.161	 0.293680	 0.9297	 0.6758   
 -38.04622	-47.96560	0.0940	 1.746	 2.828545	 3.6139	 1.0510   
-104.93344	 56.00225	0.0780	 1.476	 1.090082	 2.0432	 0.8736   
 +51.38076	-49.32840	0.0825	 1.553	 1.438718	 2.4124	 0.9220   
 +28.11979	 10.82600	0.0882	 1.649	 2.013071	 2.9490	 0.9840   
  -3.48270	 28.67161	0.0970	 1.795	 3.179797	 3.8731	 1.0745   
 -23.04695	-45.73496	0.0760	 1.441	 0.916499	 1.8407	 0.8443   
+163.80460	 25.11859	0.0644	 1.238	 0.391325	 1.1043	 0.7148   
 -55.44302	 50.20321	0.0585	 1.132	 0.237595	 0.8179	 0.6479   
 -77.26924	 44.19273	0.0722	 1.375	 0.684855	 1.5451	 0.7974   
 +22.28386	-55.03624	0.0610	 1.177	 0.291938	 0.9258	 0.6747   
 +76.67571	 45.54256	0.0579	 1.121	 0.223393	 0.7880	 0.6400   
 -20.61201	 63.57976	0.0788	 1.489	 1.044658	 1.9898	 0.8657   
+172.77356	 65.32105	0.0794	 1.500	 1.063920	 2.0112	 0.8687   
 +99.50314	 35.26828	0.0504	 0.985	 0.107192	 0.5062	 0.5536   
  -4.64351	-24.02459	0.0774	 1.465	 0.932548	 1.8585	 0.8466   
+112.86402	-64.61007	0.0822	 1.547	 1.230023	 2.1930	 0.8933   
 -12.32857	-59.90208	0.0511	 0.998	 0.110946	 0.5167	 0.5572   
+178.09753	 31.94882	0.0640	 1.231	 0.343477	 1.0201	 0.6962   
 -90.69092	-49.88404	0.0853	 1.600	 1.467361	 2.4368	 0.9243   
 +44.83481	-67.24198	0.0822	 1.547	 1.211831	 2.1731	 0.8906   
 -94.11711	-49.98540	0.0619	 1.193	 0.287080	 0.9158	 0.6721   
 -90.17316	-63.45623	0.0640	 1.231	 0.336548	 1.0075	 0.6933   
 +45.08966	-43.19166	0.0808	 1.524	 1.085118	 2.0336	 0.8715   
 +43.66630	 35.52622	0.0575	 1.114	 0.192441	 0.7197	 0.6211   
 +95.11963	 67.36963	0.0625	 1.204	 0.291879	 0.9247	 0.6741   
 +58.25916	 18.81045	0.0720	 1.372	 0.595934	 1.4197	 0.7753   
 +62.40555	-46.43164	0.0906	 1.689	 1.903100	 2.8449	 0.9716   
 +63.98707	 35.57070	0.0647	 1.243	 0.342667	 1.0182	 0.6956   
 +39.26017	-42.12651	0.0897	 1.674	 1.793951	 2.7460	 0.9604   
+178.97866	 70.33802	0.0600	 1.159	 0.232755	 0.8069	 0.6447   
-171.83891	  7.29626	0.0750	 1.424	 0.718135	 1.5874	 0.8039   
 -28.95100	 62.30141	0.0765	 1.450	 0.786086	 1.6756	 0.8181   
 -23.41018	-55.43383	0.0965	 1.787	 2.565193	 3.3988	 1.0289   
 -30.95107	 29.20111	0.0689	 1.317	 0.460721	 1.2161	 0.7370   
 +49.68533	-49.48935	0.0980	 1.812	 2.770068	 3.5581	 1.0442   
 +23.44395	-15.26113	0.0829	 1.559	 1.173652	 2.1301	 0.8844   
 +41.35213	-66.96677	0.0871	 1.630	 1.509152	 2.4758	 0.9286   
+105.39294	 77.23127	0.0720	 1.372	 0.573064	 1.3862	 0.7692   
 +52.93062	-81.23266	0.0645	 1.240	 0.326305	 0.9884	 0.6888   
  -0.96030	-70.60477	0.0957	 1.774	 2.419356	 3.2815	 1.0172   
-146.43492	 38.26679	0.0851	 1.597	 1.312476	 2.2769	 0.9037   
 -44.27958	-18.04744	0.1050	 1.925	 3.829575	 4.3137	 1.1109   
+122.45852	-38.42905	0.0815	 1.536	 1.042960	 1.9841	 0.8641   
 -11.68607	-66.44265	0.0894	 1.669	 1.625536	 2.5863	 0.9415   
 -23.97087	-51.36313	0.0791	 1.494	 0.864427	 1.7724	 0.8329   
 +67.76244	-10.81177	0.1019	 1.875	 3.129309	 3.8223	 1.0681   
 -55.02212	 36.17480	0.0767	 1.453	 0.729269	 1.6005	 0.8057   
-106.57566	-51.78883	0.0698	 1.333	 0.452149	 1.2015	 0.7339   
-170.76822	 24.63482	0.0579	 1.121	 0.173471	 0.6754	 0.6080   
+179.31665	 58.47207	0.0790	 1.493	 0.816501	 1.7119	 0.8233   
 -13.87062	 10.80909	0.1098	 2.002	 4.364236	 4.6556	 1.1377   
+152.44673	 54.98173	0.0704	 1.344	 0.447651	 1.1937	 0.7321   
 +69.60299	 26.58700	0.0502	 0.981	 0.081099	 0.4271	 0.5231   
-114.31046	-33.75707	0.0756	 1.434	 0.631170	 1.4667	 0.7828   
 +48.13035	-46.55659	0.0809	 1.525	 0.878997	 1.7883	 0.8349   
 +47.52821	-45.77654	0.0809	 1.525	 0.877924	 1.7870	 0.8347   
 -83.89408	 45.34927	0.0722	 1.375	 0.491547	 1.2622	 0.7455   
+135.97590	-19.86182	0.0810	 1.527	 0.868597	 1.7753	 0.8328   
 -10.91832	 12.99883	0.0640	 1.231	 0.263421	 0.8677	 0.6597   
  +8.79358	-35.20499	0.0936	 1.739	 1.800189	 2.7443	 0.9590   
 +48.79095	 53.19491	0.0980	 1.812	 2.257681	 3.1409	 1.0017   
+171.70535	 64.60978	0.0763	 1.446	 0.623486	 1.4550	 0.7806   
-133.84213	-21.94825	0.0989	 1.826	 2.319636	 3.1912	 1.0067   
 -22.94356	 20.65941	0.1028	 1.890	 2.820712	 3.5855	 1.0452   
 -60.42297	 27.24335	0.0736	 1.400	 0.512317	 1.2932	 0.7512   
 -60.54917	 28.86955	0.0796	 1.503	 0.755934	 1.6327	 0.8103   
 -38.35202	 61.82395	0.0826	 1.554	 0.911157	 1.8258	 0.8402   
 -35.47390	-44.98030	0.0951	 1.764	 1.858113	 2.7949	 0.9644   
+119.24524	-41.54802	0.0619	 1.193	 0.207666	 0.7517	 0.6292   
 -13.16636	-45.39238	0.0796	 1.503	 0.742068	 1.6143	 0.8072   
+149.06733	 57.55548	0.0691	 1.321	 0.361300	 1.0484	 0.7014   
 -91.18413	-67.35148	0.0616	 1.188	 0.200834	 0.7366	 0.6251   
 +28.19188	 64.41917	0.0901	 1.681	 1.364553	 2.3234	 0.9083   
 +42.91173	 41.09739	0.0655	 1.257	 0.268825	 0.8776	 0.6618   
-139.32629	-58.92553	0.0685	 1.310	 0.334315	 1.0004	 0.6907   
 +98.12281	 30.29859	0.0770	 1.458	 0.592790	 1.4102	 0.7723   
 +95.68451	-27.48060	0.0688	 1.316	 0.327037	 0.9868	 0.6875   
 +49.33035	 54.62494	0.0673	 1.289	 0.291699	 0.9213	 0.6722   
+166.95692	 54.85368	0.0520	 1.014	 0.079462	 0.4213	 0.5204   
 +94.83281	 30.16807	0.0284	 0.570	 0.003837	 0.0674	 0.2847   
+178.08049	 38.33921	0.0541	 1.053	 0.095185	 0.4696	 0.5393   
 +46.90131	 56.48959	0.1145	 2.077	 4.263016	 4.5741	 1.1292   
+137.75632	-27.10850	0.0872	 1.632	 1.052481	 1.9872	 0.8630   
 +97.66701	 31.44431	0.0420	 0.829	 0.026385	 0.2165	 0.4182   
 +53.95103	 31.54520	0.0500	 0.977	 0.062215	 0.3634	 0.4957   
+105.23898	-49.56879	0.0761	 1.443	 0.518795	 1.3009	 0.7520   
-134.55873	-52.82083	0.0680	 1.302	 0.291700	 0.9209	 0.6720   
+125.35388	 -8.65278	0.1066	 1.951	 2.801329	 3.5609	 1.0415   
  +8.85934	 49.25665	0.1021	 1.878	 2.241343	 3.1180	 0.9979   
+126.22299	-29.59452	0.0800	 1.510	 0.645160	 1.4819	 0.7844   
+114.81943	-33.71171	0.0940	 1.746	 1.434697	 2.3890	 0.9156   
 +90.86673	 11.61740	0.0820	 1.544	 0.712705	 1.5725	 0.7996   
 -96.18604	-52.79291	0.0696	 1.330	 0.309916	 0.9545	 0.6797   
 +34.78371	 67.66228	0.0908	 1.692	 1.191519	 2.1380	 0.8833   
+123.96250	 13.13930	0.0960	 1.779	 1.561498	 2.5121	 0.9304   
 +18.81345	 22.40918	0.0912	 1.699	 1.192577	 2.1386	 0.8832   
 +49.32296	 44.37846	0.0972	 1.798	 1.626729	 2.5734	 0.9376   
-117.90172	 10.41035	0.0876	 1.639	 0.955176	 1.8725	 0.8460   
 +53.58001	 59.53067	0.1130	 2.053	 3.513114	 4.0695	 1.0866   
+101.89147	-48.93428	0.0729	 1.387	 0.372131	 1.0647	 0.7042   
 +83.18231	 66.57644	0.0890	 1.662	 1.023860	 1.9516	 0.8573   
-165.86845	-20.74204	0.0880	 1.646	 0.963300	 1.8817	 0.8472   
-124.18342	-67.97888	0.0792	 1.496	 0.561478	 1.3623	 0.7629   
-110.68093	-30.73874	0.0850	 1.595	 0.802854	 1.6874	 0.8178   
 +48.54836	 56.77685	0.0756	 1.434	 0.441601	 1.1796	 0.7280   
-173.72812	-11.99380	0.1150	 2.085	 3.754220	 4.2315	 1.1001   
 +19.92367	 17.09003	0.0880	 1.646	 0.950443	 1.8664	 0.8449   
  -2.02035	-87.50972	0.1082	 1.977	 2.734146	 3.5046	 1.0355   
 -47.85652	 60.93960	0.0880	 1.646	 0.944863	 1.8597	 0.8439   
+100.81781	 24.60615	0.0877	 1.641	 0.926120	 1.8375	 0.8406   
  -4.30282	 10.64459	0.0940	 1.746	 1.308265	 2.2583	 0.8986   
+113.28869	-29.71028	0.1073	 1.962	 2.571958	 3.3785	 1.0232   
 -18.12955	 45.74484	0.0842	 1.581	 0.733684	 1.5981	 0.8033   
-137.44930	 20.58940	0.0822	 1.547	 0.644568	 1.4788	 0.7833   
+152.70809	 25.46934	0.0980	 1.812	 1.576739	 2.5235	 0.9312   
 +56.91732	-49.82313	0.0897	 1.674	 0.990530	 1.9117	 0.8512   
 -57.13722	-36.86177	0.1141	 2.071	 3.393306	 3.9812	 1.0783   
-138.05761	 19.86611	0.0879	 1.644	 0.889371	 1.7924	 0.8336   
 +67.29460	 13.35488	0.0780	 1.476	 0.478417	 1.2366	 0.7390   
-125.45914	-67.77397	0.0760	 1.441	 0.418594	 1.1414	 0.7200   
 +72.27647	-78.45576	0.0940	 1.746	 1.236332	 2.1818	 0.8883   
 +45.00333	-43.52953	0.0780	 1.476	 0.475815	 1.2325	 0.7382   
 -59.70438	 50.85155	0.0963	 1.784	 1.375433	 2.3246	 0.9066   
-119.62678	 24.54805	0.0916	 1.706	 1.063423	 1.9936	 0.8627   
  +5.14988	-22.53954	0.0972	 1.798	 1.431743	 2.3806	 0.9136   
 +40.85024	-31.66884	0.0793	 1.498	 0.502017	 1.2723	 0.7457   
+171.47216	 82.42129	0.0630	 1.213	 0.155272	 0.6291	 0.5928   
 +98.97793	 24.85287	0.0928	 1.726	 1.106807	 2.0411	 0.8691   
+135.53839	 47.67336	0.0560	 1.087	 0.085332	 0.4388	 0.5269   
 +95.20791	 30.72362	0.0428	 0.844	 0.022102	 0.1943	 0.4032   
-147.85576	 37.39374	0.0730	 1.389	 0.322353	 0.9754	 0.6839   
-132.47468	 60.94562	0.0852	 1.598	 0.704305	 1.5577	 0.7962   
 +10.94558	-26.76835	0.1171	 2.118	 3.599818	 4.1184	 1.0894   
 +21.08323	 33.23585	0.1514	 2.635	13.625562	 9.0453	 1.3998   
 +31.96021	-51.58158	0.0732	 1.393	 0.322868	 0.9762	 0.6840   
 +36.81105	 68.48695	0.0324	 0.647	 0.005390	 0.0827	 0.3044   
  +9.89654	-45.74981	0.0757	 1.436	 0.381368	 1.0787	 0.7066   
 +28.60284	 50.14497	0.0916	 1.706	 0.998933	 1.9190	 0.8518   
 +91.10704	 14.59545	0.0880	 1.646	 0.808131	 1.6906	 0.8175   
 +80.37330	 14.64383	0.0980	 1.812	 1.395062	 2.3419	 0.9083   
-135.64633	-24.96293	0.0915	 1.704	 0.971284	 1.8866	 0.8470   
 -44.03669	-67.11216	0.0711	 1.356	 0.268194	 0.8730	 0.6595   
 -75.96964	 53.47664	0.0680	 1.302	 0.212334	 0.7588	 0.6300   
  +1.88227	-81.25246	0.0805	 1.518	 0.495174	 1.2607	 0.7431   
 +99.93273	 85.40028	0.0523	 1.020	 0.055210	 0.3373	 0.4832   
+171.03397	-25.77556	0.1085	 1.982	 2.218114	 3.0843	 0.9922   
 -93.51519	-51.91441	0.0797	 1.505	 0.454206	 1.1966	 0.7305   
-100.01488	 56.40288	0.0720	 1.372	 0.266421	 0.8690	 0.6583   
-119.02758	 48.63454	0.0730	 1.389	 0.284652	 0.9041	 0.6668   
  +6.60166	-62.02698	0.0673	 1.289	 0.186467	 0.7013	 0.6138   
+107.39785	-31.49807	0.0950	 1.762	 1.074818	 2.0019	 0.8629   
 +52.28186	 50.28372	0.0750	 1.424	 0.321867	 0.9731	 0.6829   
 +41.89039	 47.27312	0.0888	 1.659	 0.742090	 1.6041	 0.8031   
+128.29990	 43.12847	0.0830	 1.561	 0.521997	 1.2996	 0.7501   
 +78.99619	 -8.59547	0.0870	 1.629	 0.660132	 1.4955	 0.7850   
 +13.38876	 73.47029	0.0620	 1.195	 0.117945	 0.5323	 0.5609   
 +93.58627	 25.75856	0.0834	 1.568	 0.516522	 1.2909	 0.7483   
-100.65411	 40.24508	0.0839	 1.576	 0.527492	 1.3071	 0.7513   
-176.70022	 56.63033	0.0530	 1.032	 0.051504	 0.3232	 0.4763   
+114.95380	-34.35759	0.0948	 1.759	 0.967910	 1.8782	 0.8448   
 +99.61040	-58.63654	0.0924	 1.719	 0.846881	 1.7342	 0.8233   
 -52.55765	 55.94927	0.0898	 1.676	 0.731062	 1.5884	 0.8002   
+153.32637	 66.53170	0.1167	 2.112	 2.786307	 3.5238	 1.0344   
-104.46328	-35.70296	0.0912	 1.699	 0.778067	 1.6483	 0.8098   
-157.02370	-26.02315	0.0913	 1.701	 0.776564	 1.6462	 0.8094   
-136.78713	 -8.30755	0.1350	 2.393	 5.822140	 5.4507	 1.1889   
-152.14592	 55.25730	0.0811	 1.529	 0.417285	 1.1353	 0.7175   
 +22.26314	 61.22063	0.0439	 0.864	 0.018688	 0.1752	 0.3895   
+129.78949	-48.64286	0.0581	 1.125	 0.075898	 0.4079	 0.5139   
 +80.38681	-33.22357	0.1072	 1.961	 1.706366	 2.6308	 0.9414   
 +28.17985	 -9.94846	0.0900	 1.679	 0.687403	 1.5296	 0.7902   
 +33.32171	-48.44118	0.0963	 1.784	 0.962284	 1.8696	 0.8431   
 +79.87556	 54.04941	0.1076	 1.967	 1.696173	 2.6205	 0.9400   
 +56.11186	 36.24584	0.0843	 1.583	 0.485041	 1.2416	 0.7385   
+138.81256	-28.60466	0.0894	 1.669	 0.650792	 1.4800	 0.7817   
-133.35406	-23.13491	0.0928	 1.726	 0.787921	 1.6591	 0.8111   
 +38.85253	-69.28422	0.0890	 1.662	 0.632654	 1.4552	 0.7774   
 +74.70263	 20.22375	0.0918	 1.709	 0.727414	 1.5813	 0.7985   
 -17.45599	-50.95988	0.1065	 1.950	 1.552700	 2.4850	 0.9239   
 -13.66296	-30.31976	0.1069	 1.956	 1.570210	 2.5013	 0.9258   
-159.23684	-64.67985	0.0907	 1.691	 0.669697	 1.5047	 0.7857   
-141.15988	-50.78353	0.1057	 1.937	 1.462214	 2.3970	 0.9131   
 -26.37497	 45.74347	0.0982	 1.815	 1.001648	 1.9133	 0.8491   
 +73.35955	 66.83106	0.0822	 1.547	 0.402944	 1.1105	 0.7120   
+179.68434	 25.06799	0.1177	 2.127	 2.518069	 3.3105	 1.0128   
 -19.39188	-73.65347	0.1024	 1.883	 1.226090	 2.1579	 0.8826   
 +43.78576	-57.99640	0.0751	 1.426	 0.252626	 0.8395	 0.6501   
+160.91911	 34.47948	0.0429	 0.846	 0.015008	 0.1534	 0.3727   
 +54.87344	 36.64207	0.1013	 1.865	 1.121587	 2.0454	 0.8673   
-118.16852	 43.50051	0.0927	 1.724	 0.698196	 1.5413	 0.7915   
 -48.32384	-42.30453	0.0984	 1.818	 0.940691	 1.8412	 0.8382   
+101.52999	 26.93037	0.0824	 1.551	 0.372431	 1.0583	 0.7006   
 +33.50669	 79.52740	0.0290	 0.581	 0.001953	 0.0446	 0.2481   
+148.93576	 28.05618	0.0863	 1.617	 0.469019	 1.2147	 0.7326   
 +53.11858	-20.49163	0.0639	 1.229	 0.101031	 0.4838	 0.5429   
 -53.48455	 38.53527	0.1288	 2.299	 3.566213	 4.0606	 1.0801   
 -46.10399	-17.10621	0.1530	 2.658	 8.707393	 6.8760	 1.2768   
+143.26135	-77.80500	0.0970	 1.795	 0.815085	 1.6888	 0.8148   
 -46.58625	-87.56229	0.1084	 1.980	 1.438047	 2.3682	 0.9086   
-103.60670	 44.03721	0.1342	 2.381	 4.295575	 4.5308	 1.1182   
+178.97505	 56.04518	0.0922	 1.716	 0.619280	 1.4331	 0.7726   
+119.93634	-41.40162	0.1014	 1.867	 1.000012	 1.9071	 0.8473   
+164.15228	 31.49661	0.1032	 1.896	 1.088010	 2.0052	 0.8610   
 +99.45095	 29.72950	0.0823	 1.549	 0.339204	 0.9997	 0.6875   
+124.17863	 62.10765	0.0830	 1.561	 0.353877	 1.0254	 0.6931   
 +53.80106	-63.03691	0.1110	 2.022	 1.552593	 2.4769	 0.9215   
-117.35215	-58.30731	0.0833	 1.566	 0.356274	 1.0294	 0.6940   
 -74.49978	-62.26272	0.1168	 2.113	 2.010759	 2.8880	 0.9680   
+151.85155	 11.65482	0.1203	 2.168	 2.338311	 3.1585	 0.9961   
  -7.85285	-77.66822	0.1147	 2.080	 1.809494	 2.7122	 0.9486   
  +4.85599	 37.72752	0.1010	 1.861	 0.935919	 1.8321	 0.8361   
-170.69593	 59.22910	0.1259	 2.254	 2.909192	 3.5940	 1.0380   
+111.51010	 27.01712	0.0510	 0.996	 0.029233	 0.2291	 0.4249   
 +84.00375	 46.28228	0.1068	 1.954	 1.238344	 2.1643	 0.8822   
 +84.86594	 35.06891	0.1138	 2.066	 1.702855	 2.6153	 0.9375   
+169.68813	 10.29245	0.1180	 2.132	 2.046494	 2.9167	 0.9708   
+158.62941	 49.94310	0.0450	 0.885	 0.015272	 0.1548	 0.3736   
  +8.38114	 25.94389	0.0974	 1.802	 0.756742	 1.6135	 0.8024   
 +16.60251	-50.21261	0.1184	 2.138	 2.053481	 2.9219	 0.9713   
 -88.74923	-76.93934	0.0810	 1.527	 0.293404	 0.9159	 0.6680   
 +41.54067	-66.77691	0.1108	 2.018	 1.431443	 2.3576	 0.9065   
+100.74774	 32.79008	0.0386	 0.765	 0.006886	 0.0957	 0.3189   
 -73.89223	 27.05518	0.1076	 1.967	 1.218610	 2.1420	 0.8789   
 -49.98348	-30.95375	0.0969	 1.793	 0.708510	 1.5506	 0.7920   
+110.66909	-45.77510	0.0830	 1.561	 0.319693	 0.9638	 0.6790   
 -17.14405	-79.18711	0.0968	 1.792	 0.692442	 1.5291	 0.7883   
+172.66195	 35.15516	0.1267	 2.267	 2.767123	 3.4839	 1.0270   
+107.77528	-55.07424	0.0833	 1.566	 0.319327	 0.9629	 0.6787   
 -11.80489	 42.65793	0.1043	 1.914	 1.001337	 1.9047	 0.8461   
 +52.61665	 81.19757	0.0473	 0.928	 0.018067	 0.1713	 0.3861   
 -98.77613	-25.16511	0.0740	 1.406	 0.171321	 0.6629	 0.6011   
 -98.72400	-60.41700	0.0868	 1.625	 0.384329	 1.0754	 0.7034   
 +18.32955	-28.51237	0.1612	 2.775	 9.458634	 7.1884	 1.2922   
 +65.83771	-83.78304	0.1120	 2.037	 1.404549	 2.3285	 0.9024   
+143.83486	-60.66504	0.0798	 1.506	 0.246166	 0.8236	 0.6450   
 +88.06421	 37.91331	0.0869	 1.627	 0.379890	 1.0678	 0.7017   
-168.82567	-20.14864	0.1034	 1.900	 0.910439	 1.7985	 0.8303   
-118.21490	-24.01248	0.1392	 2.456	 4.236027	 4.4761	 1.1118   
+172.65241	 34.58561	0.1303	 2.322	 3.000609	 3.6508	 1.0419   
 +55.84033	 32.90405	0.1054	 1.932	 0.999271	 1.9009	 0.8452   
 +40.42348	 24.12567	0.0858	 1.609	 0.347074	 1.0113	 0.6893   
 -82.64848	 47.09131	0.1195	 2.155	 1.893646	 2.7789	 0.9548   
-103.44490	-68.87801	0.1008	 1.857	 0.786378	 1.6478	 0.8072   
  +3.93839	-59.42856	0.1510	 2.629	 6.377529	 5.6953	 1.1999   
 -64.66468	 23.32545	0.1190	 2.148	 1.834651	 2.7267	 0.9489   
+108.14917	 59.96227	0.0766	 1.451	 0.189253	 0.7032	 0.6125   
+152.68432	 38.63190	0.0900	 1.679	 0.429615	 1.1485	 0.7182   
+132.50902	 48.45798	0.1159	 2.099	 1.559224	 2.4747	 0.9197   
 +47.71975	-60.15368	0.1221	 2.196	 2.030655	 2.8944	 0.9670   
+107.13352	-45.24346	0.1164	 2.107	 1.579007	 2.4929	 0.9218   
 -44.62870	 38.56482	0.1264	 2.262	 2.405416	 3.1994	 0.9984   
+134.38804	-42.86960	0.0427	 0.842	 0.009721	 0.1177	 0.3413   
+179.11969	 60.12202	0.1372	 2.426	 3.662694	 4.1023	 1.0807   
 +99.51488	 55.61166	0.1051	 1.927	 0.921395	 1.8095	 0.8315   
 -77.32191	 20.82824	0.1306	 2.326	 2.786009	 3.4886	 1.0261   
 -31.78529	 18.23035	0.1150	 2.085	 1.431915	 2.3510	 0.9044   
+134.70115	 48.92516	0.1160	 2.101	 1.489357	 2.4063	 0.9111   
+149.22739	 54.18225	0.1369	 2.421	 3.499008	 3.9904	 1.0709   
 -51.69216	 29.79496	0.0518	 1.011	 0.024584	 0.2060	 0.4101   
-104.33953	-25.31426	0.1164	 2.107	 1.495635	 2.4118	 0.9117   
-143.92377	 23.47404	0.1100	 2.006	 1.110969	 2.0211	 0.8614   
 +37.13406	-70.58756	0.0880	 1.646	 0.351715	 1.0180	 0.6903   
-142.91547	 40.15237	0.1357	 2.403	 3.235816	 3.8079	 1.0547   
 -71.35663	-37.64218	0.1270	 2.271	 2.276006	 3.0920	 0.9869   
 +87.04842	 22.44287	0.1094	 1.996	 1.044438	 1.9473	 0.8509   
 -19.29418	-14.34353	0.1250	 2.241	 2.074725	 2.9264	 0.9696   
+177.03359	 23.69002	0.1120	 2.037	 1.171477	 2.0846	 0.8697   
-172.09169	-21.38568	0.0940	 1.746	 0.475454	 1.2183	 0.7315   
 -43.18134	 27.54634	0.1142	 2.072	 1.283421	 2.2004	 0.8849   
 -30.42490	-17.97724	0.1330	 2.363	 2.808276	 3.4995	 1.0264   
 -19.53793	-52.17539	0.1020	 1.877	 0.707165	 1.5432	 0.7894   
+101.75378	-35.84905	0.1245	 2.233	 1.960864	 2.8284	 0.9588   
 -31.16608	-59.95151	0.1074	 1.964	 0.907222	 1.7895	 0.8278   
 +99.97983	-37.71363	0.1022	 1.880	 0.701891	 1.5360	 0.7881   
+110.18346	 61.77548	0.1017	 1.872	 0.670640	 1.4944	 0.7811   
+135.23491	 57.88432	0.1031	 1.895	 0.720191	 1.5593	 0.7918   
 +77.89677	-26.62455	0.1470	 2.571	 4.525650	 4.6339	 1.1217   
 -29.34312	 22.69586	0.1158	 2.098	 1.288239	 2.2029	 0.8848   
 -14.97810	-54.79174	0.0970	 1.795	 0.514478	 1.2756	 0.7421   
 +81.31041	 30.50206	0.0909	 1.694	 0.368896	 1.0459	 0.6959   
+143.32475	 26.96698	0.1053	 1.930	 0.769028	 1.6204	 0.8015   
+165.07161	 54.12305	0.1440	 2.527	 3.876317	 4.2256	 1.0889   
+152.66950	 33.84827	0.1190	 2.148	 1.434390	 2.3468	 0.9026   
  +9.40833	-56.94686	0.1544	 2.678	 5.529494	 5.2077	 1.1633   
+176.16683	 -4.96624	0.1300	 2.317	 2.247197	 3.0614	 0.9826   
 -27.12058	-19.27782	0.1470	 2.571	 4.270501	 4.4728	 1.1086   
 +28.89413	 60.14195	0.1530	 2.658	 5.267989	 5.0613	 1.1528   
  +2.74388	-56.17180	0.1411	 2.484	 3.408267	 3.9150	 1.0626   
 -90.28994	-64.39852	0.1150	 2.085	 1.162194	 2.0701	 0.8668   
 +39.95420	-53.12537	0.1301	 2.319	 2.199352	 3.0213	 0.9783   
-123.06593	-26.64643	0.1483	 2.590	 4.324473	 4.5029	 1.1106   
 +67.20383	 67.45671	0.1712	 2.915	 9.182178	 7.0075	 1.2768   
 -58.98728	 14.39711	0.1520	 2.643	 4.890162	 4.8403	 1.1362   
-154.78344	 53.28528	0.1162	 2.104	 1.197113	 2.1060	 0.8715   
+152.46746	 51.44970	0.0463	 0.909	 0.011199	 0.1280	 0.3505   
 +27.16435	 53.43110	0.1270	 2.271	 1.862146	 2.7358	 0.9474   
+130.63514	-77.19387	0.0957	 1.774	 0.429935	 1.1444	 0.7160   
 +49.22154	 30.85966	0.1644	 2.820	 7.070933	 6.0057	 1.2157   
-145.40152	-22.70640	0.1540	 2.672	 5.006176	 4.9028	 1.1403   
 -72.96440	-23.22645	0.1110	 2.022	 0.910497	 1.7889	 0.8268   
 -46.63892	 61.12950	0.1832	 3.078	12.524024	 8.3920	 1.3502   
 +54.68217	 36.76361	0.0621	 1.197	 0.047025	 0.3038	 0.4652   
  +8.27852	-35.20908	0.1240	 2.225	 1.594585	 2.4943	 0.9196   
-105.28001	-30.51060	0.1254	 2.247	 1.684553	 2.5766	 0.9292   
-153.88409	 24.92358	0.0925	 1.721	 0.351374	 1.0142	 0.6885   
 -66.05208	 15.60039	0.1180	 2.132	 1.226852	 2.1350	 0.8749   
 +55.97247	-34.88043	0.1244	 2.231	 1.610832	 2.5090	 0.9213   
  -3.60451	-27.76639	0.1128	 2.050	 0.970285	 1.8573	 0.8367   
+162.34432	 25.04680	0.1043	 1.914	 0.646986	 1.4594	 0.7742   
+137.61119	 60.10160	0.0808	 1.524	 0.175650	 0.6700	 0.6019   
-161.50260	-23.62680	0.1248	 2.238	 1.620972	 2.5179	 0.9223   
 +50.59070	 67.58585	0.1313	 2.337	 2.085625	 2.9225	 0.9671   
 +36.71713	 14.94046	0.1525	 2.651	 4.548122	 4.6293	 1.1192   
 -47.88665	 29.01335	0.0511	 0.998	 0.016981	 0.1645	 0.3805   
 -96.32963	-22.54621	0.1644	 2.820	 6.709122	 5.8164	 1.2028   
 -99.28249	-53.57968	0.0670	 1.284	 0.065549	 0.3708	 0.4964   
-100.91767	 19.99460	0.1421	 2.499	 3.099037	 3.6917	 1.0416   
 -14.70364	-62.23461	0.1253	 2.245	 1.595205	 2.4926	 0.9190   
  +6.76792	 30.46547	0.2030	 3.338	20.158522	11.0518	 1.4697   
+156.80219	 62.73094	0.1120	 2.037	 0.881111	 1.7522	 0.8208   
 +45.51035	-37.19584	0.1153	 2.090	 1.018847	 1.9100	 0.8438   
-119.86331	 42.58849	0.0960	 1.779	 0.396622	 1.0893	 0.7042   
 +42.85175	-82.97769	0.1410	 2.482	 2.872451	 3.5275	 1.0263   
 -75.91455	-79.79435	0.1186	 2.141	 1.156778	 2.0589	 0.8642   
-107.99595	 41.47189	0.1176	 2.126	 1.095941	 1.9936	 0.8553   
 +91.44375	-51.00977	0.0990	 1.828	 0.450691	 1.1750	 0.7215   
+109.70290	 25.76642	0.1405	 2.475	 2.750944	 3.4370	 1.0176   
+147.11644	 21.84937	0.1127	 2.049	 0.874787	 1.7437	 0.8193   
+127.77437	-29.22803	0.1173	 2.121	 1.074001	 1.9696	 0.8519   
-145.94494	 68.44476	0.1021	 1.878	 0.522951	 1.2838	 0.7424   
+106.40108	 50.81933	0.1394	 2.459	 2.606019	 3.3281	 1.0071   
+164.09582	-36.56170	0.0830	 1.561	 0.178731	 0.6761	 0.6033   
  +2.81809	 39.21189	0.1533	 2.662	 4.225983	 4.4239	 1.1021   
-179.16512	-88.41933	0.1130	 2.053	 0.861163	 1.7267	 0.8165   
+104.30951	 26.19966	0.1125	 2.045	 0.831754	 1.6911	 0.8110   
-166.62041	-39.29549	0.1220	 2.194	 1.260724	 2.1645	 0.8778   
-167.76392	 56.13280	0.1240	 2.225	 1.360526	 2.2642	 0.8904   
 -45.37097	 36.60357	0.1199	 2.162	 1.139833	 2.0385	 0.8610   
-146.92685	 42.06522	0.1170	 2.116	 0.988898	 1.8733	 0.8379   
  +8.45699	-56.33069	0.1486	 2.594	 3.430781	 3.9093	 1.0593   
 +39.31783	-59.88079	0.1359	 2.406	 2.139620	 2.9585	 0.9696   
-111.88816	 33.59141	0.1634	 2.806	 5.629624	 5.2302	 1.1613   
+106.07556	 41.68373	0.1136	 2.063	 0.841948	 1.7024	 0.8125   
-131.35967	 53.05404	0.1434	 2.518	 2.822135	 3.4836	 1.0212   
 -77.89689	 54.06202	0.1268	 2.268	 1.459417	 2.3584	 0.9018   
-144.86969	-63.01110	0.1134	 2.060	 0.818425	 1.6735	 0.8079   
+173.54809	 65.93278	0.0795	 1.501	 0.131961	 0.5633	 0.5683   
  +7.72366	-86.60441	0.1050	 1.925	 0.545534	 1.3146	 0.7476   
 -41.05776	 35.63594	0.1269	 2.270	 1.452597	 2.3515	 0.9008   
 +97.91275	 30.20154	0.0833	 1.566	 0.166650	 0.6477	 0.5947   
 +91.01715	 26.46331	0.1014	 1.867	 0.451663	 1.1746	 0.7209   
-131.75006	 70.26850	0.1290	 2.302	 1.561726	 2.4540	 0.9131   
 +24.58543	 56.62871	0.1161	 2.102	 0.893878	 1.7625	 0.8213   
  -3.87919	 70.99935	0.1251	 2.242	 1.305702	 2.2064	 0.8824   
 +28.72986	-33.56133	0.1475	 2.578	 3.053689	 3.6443	 1.0352   
 +61.48780	-14.68457	0.1690	 2.884	 6.206455	 5.5278	 1.1806   
+114.50998	 10.54879	0.1450	 2.541	 2.767448	 3.4383	 1.0162   
 -17.37822	-39.59804	0.1390	 2.453	 2.208812	 3.0097	 0.9741   
 -29.83537	 37.87860	0.1208	 2.176	 1.060659	 1.9497	 0.8480   
 -11.03968	 42.46596	0.1080	 1.974	 0.592345	 1.3793	 0.7589   
 +99.95119	 28.52023	0.0863	 1.617	 0.187751	 0.6951	 0.6082   
+149.76775	 34.70048	0.1818	 3.059	 8.997743	 6.8668	 1.2635   
+134.99659	 28.39930	0.1058	 1.938	 0.523980	 1.2819	 0.7411   
-157.06974	-24.21544	0.1241	 2.227	 1.190140	 2.0866	 0.8665   
 +79.58799	 21.74292	0.1158	 2.098	 0.830671	 1.6858	 0.8093   
 -56.00015	-88.60865	0.1125	 2.045	 0.706073	 1.5303	 0.7844   
 -55.04039	 30.22224	0.0760	 1.441	 0.093313	 0.4571	 0.5307   
+168.69505	 15.58594	0.1290	 2.302	 1.396706	 2.2924	 0.8926   
 +88.43346	-57.76729	0.1100	 2.006	 0.611504	 1.4044	 0.7629   
+175.59279	 35.43120	0.1450	 2.541	 2.549942	 3.2709	 0.9994   
 -31.68238	 -9.71852	0.1480	 2.585	 2.833308	 3.4803	 1.0193   
-110.63159	 33.26769	0.1669	 2.855	 5.299925	 5.0282	 1.1448   
 +28.91775	 61.90236	0.1186	 2.141	 0.887055	 1.7512	 0.8188   
 -66.64755	  7.30196	0.1550	 2.687	 3.566290	 3.9840	 1.0637   
 +14.80975	 59.48379	0.1460	 2.556	 2.562299	 3.2781	 0.9998   
+105.24945	-17.94040	0.1400	 2.468	 2.053580	 2.8768	 0.9592   
 +79.67121	 29.77167	0.0988	 1.825	 0.333736	 0.9785	 0.6789   
 +48.27442	-73.91165	0.1122	 2.041	 0.640960	 1.4430	 0.7693   
+162.28334	-63.55235	0.1289	 2.300	 1.286803	 2.1808	 0.8779   
 +42.00493	 29.70685	0.1306	 2.326	 1.367168	 2.2601	 0.8879   
 +23.05675	 28.94192	0.1540	 2.672	 3.234289	 3.7563	 1.0434   
-172.46218	 21.94657	0.1710	 2.912	 5.623645	 5.1975	 1.1558   
 +81.99974	 40.79164	0.1110	 2.022	 0.586302	 1.3678	 0.7560   
-162.11761	 60.04122	0.1407	 2.478	 1.996842	 2.8267	 0.9534   
 -47.14531	-30.10437	0.1309	 2.331	 1.356642	 2.2490	 0.8864   
+175.77975	-46.95675	0.1530	 2.658	 3.027404	 3.6105	 1.0301   
 -95.56094	-38.80405	0.0940	 1.746	 0.242112	 0.8073	 0.6377   
 -16.52902	 56.62739	0.1403	 2.472	 1.912070	 2.7537	 0.9452   
+173.83053	 19.00098	0.1250	 2.241	 1.029484	 1.9088	 0.8409   
-112.84460	-23.30630	0.1520	 2.643	 2.834755	 3.4712	 1.0170   
-140.82845	 34.63563	0.1328	 2.360	 1.399021	 2.2885	 0.8909   
-133.69715	-51.44687	0.1419	 2.496	 1.970979	 2.8018	 0.9502   
 -18.82377	-36.10488	0.1380	 2.438	 1.700758	 2.5682	 0.9242   
 +27.72791	-43.62457	0.1130	 2.053	 0.600487	 1.3859	 0.7588   
+163.71284	 53.54660	0.1580	 2.729	 3.430483	 3.8822	 1.0535   
 -47.41494	-66.42344	0.1448	 2.538	 2.164603	 2.9603	 0.9668   
+148.18593	 42.38734	0.1200	 2.163	 0.797040	 1.6389	 0.8006   
 -46.94443	-30.07030	0.1380	 2.438	 1.647516	 2.5189	 0.9183   
 +84.69506	 42.29569	0.1300	 2.317	 1.196061	 2.0841	 0.8644   
-110.09549	-39.84088	0.1501	 2.616	 2.523686	 3.2382	 0.9944   
 +98.53199	 30.72978	0.0508	 0.992	 0.009878	 0.1182	 0.3409   
+113.92440	-37.02425	0.1353	 2.397	 1.441768	 2.3266	 0.8951   
+160.23529	 58.23060	0.1400	 2.468	 1.716089	 2.5785	 0.9248   
-135.72522	-53.52637	0.1050	 1.925	 0.381559	 1.0571	 0.6952   
-115.29749	 32.47642	0.1535	 2.665	 2.708587	 3.3724	 1.0067   
+137.49854	 35.98106	0.1240	 2.225	 0.881101	 1.7372	 0.8152   
 -72.77975	 18.14672	0.1550	 2.687	 2.822864	 3.4547	 1.0143   
 +97.74371	 38.12712	0.1709	 2.911	 4.670325	 4.6412	 1.1131   
 -87.81920	 33.48328	0.1416	 2.491	 1.708747	 2.5688	 0.9232   
 -14.45659	-34.76104	0.1383	 2.442	 1.504480	 2.3826	 0.9013   
  +0.40946	-41.86014	0.1651	 2.830	 3.814294	 4.1199	 1.0719   
+105.69695	 31.47035	0.1100	 2.006	 0.459094	 1.1791	 0.7198   
  -0.93572	-32.12538	0.1496	 2.609	 2.261972	 3.0302	 0.9728   
 +88.51595	 41.16524	0.1329	 2.361	 1.208600	 2.0930	 0.8648   
-160.88065	-16.57640	0.1510	 2.629	 2.357145	 3.1041	 0.9801   
 -79.81043	 47.81341	0.1557	 2.697	 2.759880	 3.4057	 1.0093   
  +3.89215	-42.07643	0.1521	 2.645	 2.433456	 3.1625	 0.9859   
 +96.20544	-30.16113	0.1100	 2.006	 0.448440	 1.1624	 0.7163   
-148.31741	-15.60411	0.1510	 2.629	 2.314190	 3.0695	 0.9765   
  +6.84530	-34.70047	0.1398	 2.465	 1.542954	 2.4170	 0.9052   
 -13.02685	-55.05461	0.1130	 2.053	 0.508347	 1.2521	 0.7336   
-136.92967	 77.40407	0.1392	 2.456	 1.497723	 2.3746	 0.9000   
-118.03888	 14.86350	0.1687	 2.880	 4.074893	 4.2779	 1.0841   
-141.32703	 71.31142	0.1371	 2.424	 1.367170	 2.2495	 0.8846   
-151.92775	-60.52265	0.1226	 2.204	 0.764222	 1.5944	 0.7926   
 +50.38589	 31.16318	0.1640	 2.814	 3.482342	 3.9006	 1.0529   
+167.66456	 17.63988	0.1740	 2.953	 4.721468	 4.6614	 1.1135   
 +75.12956	-73.73325	0.1246	 2.234	 0.814902	 1.6557	 0.8021   
-141.19172	 35.50930	0.1751	 2.968	 4.855068	 4.7375	 1.1191   
-165.68466	 18.87813	0.1610	 2.772	 3.047940	 3.6042	 1.0266   
 -99.00200	 41.20684	0.0650	 1.248	 0.028614	 0.2240	 0.4199   
-142.74808	-64.86190	0.1362	 2.411	 1.266904	 2.1489	 0.8714   
  -7.77058	  6.38433	0.1340	 2.378	 1.153910	 2.0331	 0.8561   
 -13.10143	-26.33938	0.1496	 2.609	 2.048744	 2.8527	 0.9534   
+151.97027	-68.58641	0.1489	 2.598	 1.995234	 2.8084	 0.9487   
 -20.00323	-38.68198	0.0599	 1.157	 0.018689	 0.1734	 0.3861   
-105.11185	 33.92336	0.1517	 2.639	 2.169167	 2.9492	 0.9633   
+107.38314	-31.52886	0.1498	 2.612	 2.030570	 2.8368	 0.9515   
+108.33829	 59.84790	0.0673	 1.289	 0.033106	 0.2444	 0.4320   
-134.44015	-27.26687	0.1706	 2.906	 3.985723	 4.2146	 1.0780   
 -51.15024	-50.62205	0.1599	 2.756	 2.827248	 3.4455	 1.0117   
-157.73003	 79.20854	0.1341	 2.379	 1.112234	 1.9879	 0.8497   
 +44.03851	-59.31998	0.1325	 2.355	 1.037720	 1.9078	 0.8386   
 -95.86381	-25.64311	0.1180	 2.132	 0.568739	 1.3360	 0.7483   
 -55.87716	 47.41949	0.1506	 2.623	 2.011794	 2.8191	 0.9493   
-121.66400	  5.92259	0.1400	 2.468	 1.367280	 2.2449	 0.8831   
 +40.19349	-52.41959	0.1530	 2.658	 2.159369	 2.9383	 0.9617   
 +41.43756	 29.10713	0.1780	 3.008	 4.786218	 4.6863	 1.1139   
  -2.42772	 75.96870	0.1140	 2.069	 0.461912	 1.1802	 0.7190   
+129.41623	 41.02185	0.1220	 2.194	 0.654442	 1.4512	 0.7682   
 +24.41843	 22.79250	0.1647	 2.824	 3.132952	 3.6551	 1.0301   
+106.00075	 37.93337	0.1332	 2.366	 1.024289	 1.8917	 0.8360   
-171.41643	-21.75824	0.1540	 2.672	 2.150444	 2.9287	 0.9603   
+138.33257	-65.61771	0.0810	 1.527	 0.077727	 0.4075	 0.5099   
+114.38586	-20.98857	0.1537	 2.668	 2.110832	 2.8963	 0.9569   
+175.33749	-47.26766	0.1712	 2.915	 3.711221	 4.0333	 1.0621   
 +53.63358	-41.84738	0.1509	 2.627	 1.890749	 2.7138	 0.9372   
-110.10692	-21.64894	0.1759	 2.979	 4.230388	 4.3533	 1.0877   
  -1.02499	-67.26829	0.1786	 3.016	 4.573749	 4.5563	 1.1033   
+151.63420	-73.85514	0.1230	 2.210	 0.644413	 1.4366	 0.7654   
 +97.28459	 30.61352	0.0933	 1.734	 0.154220	 0.6135	 0.5821   
+124.20186	-36.48237	0.1971	 3.262	 7.484993	 6.0676	 1.2059   
-126.75378	-30.02992	0.1582	 2.732	 2.296714	 3.0392	 0.9708   
 +44.29380	 55.99075	0.1515	 2.636	 1.815528	 2.6463	 0.9292   
+114.82434	 57.26121	0.1515	 2.636	 1.797908	 2.6306	 0.9274   
+127.95860	-29.62975	0.1249	 2.239	 0.649432	 1.4414	 0.7658   
 +39.88128	-40.00197	0.1760	 2.981	 3.902586	 4.1441	 1.0699   
-106.38620	-53.35915	0.0671	 1.286	 0.026910	 0.2155	 0.4142   
-102.27524	-44.04140	0.0901	 1.681	 0.120017	 0.5277	 0.5542   
-164.18987	-24.32747	0.2030	 3.338	 8.306270	 6.4364	 1.2273   
-170.37153	-44.26383	0.1595	 2.751	 2.299077	 3.0382	 0.9703   
-109.28231	-30.35082	0.1637	 2.810	 2.630717	 3.2882	 0.9948   
+118.58340	 28.59676	0.1780	 3.008	 4.051321	 4.2334	 1.0768   
-141.59711	-38.35795	0.1550	 2.687	 1.947777	 2.7552	 0.9406   
-173.33995	-23.97266	0.1590	 2.744	 2.197414	 2.9567	 0.9617   
 +23.91151	-11.72496	0.1770	 2.994	 3.860827	 4.1139	 1.0670   
 +64.12909	 39.12716	0.1481	 2.587	 1.499174	 2.3606	 0.8955   
-178.29601	-68.68076	0.1529	 2.656	 1.768408	 2.6016	 0.9235   
 -68.66996	-55.33402	0.1805	 3.042	 4.237381	 4.3428	 1.0850   
 +56.80746	 49.71331	0.1549	 2.685	 1.883816	 2.6998	 0.9343   
+109.23480	 23.67531	0.0480	 0.941	 0.004677	 0.0751	 0.2933   
 +60.55702	 27.00972	0.1712	 2.915	 3.141204	 3.6434	 1.0267   
 +46.75786	 56.90458	0.1170	 2.116	 0.416706	 1.1060	 0.7029   
 +72.62100	 41.46989	0.2280	 3.650	14.053749	 8.7019	 1.3450   
+174.98432	 51.87448	0.1540	 2.672	 1.712986	 2.5495	 0.9169   
+173.97384	 31.62015	0.1353	 2.397	 0.868863	 1.7085	 0.8076   
+144.40581	 62.86464	0.1320	 2.348	 0.765425	 1.5852	 0.7885   
+166.87392	 78.10073	0.1380	 2.438	 0.962224	 1.8147	 0.8232   
 -82.33634	-72.03904	0.0876	 1.639	 0.092198	 0.4501	 0.5260   
-106.26076	 48.38491	0.1651	 2.830	 2.446004	 3.1422	 0.9793   
+127.37615	 53.54120	0.1454	 2.547	 1.245988	 2.1130	 0.8638   
 -71.73425	 39.97354	0.1992	 3.289	 6.614737	 5.6182	 1.1745   
 +88.32707	-62.33314	0.1466	 2.565	 1.283397	 2.1495	 0.8684   
 +62.46459	-21.36818	0.1615	 2.779	 2.129536	 2.8953	 0.9542   
 +26.25298	 70.40937	0.1380	 2.438	 0.926105	 1.7728	 0.8168   
 +73.94939	-27.81666	0.2329	 3.709	14.814972	 8.9525	 1.3554   
+110.06308	-27.09236	0.1480	 2.585	 1.307553	 2.1719	 0.8710   
 +55.59076	 31.86128	0.2240	 3.601	11.891143	 7.8832	 1.3033   
 +93.62982	 32.50040	0.1406	 2.476	 0.992101	 1.8453	 0.8271   
+167.93995	-59.94668	0.1393	 2.457	 0.942175	 1.7898	 0.8191   
+138.83294	 36.00605	0.1330	 2.363	 0.732052	 1.5416	 0.7810   
 +22.17137	-38.79315	0.1880	 3.142	 4.532349	 4.4993	 1.0950   
 +86.51117	-26.62109	0.1650	 2.828	 2.251172	 2.9873	 0.9630   
-130.76439	-17.24147	0.1710	 2.912	 2.712541	 3.3321	 0.9966   
-165.75487	 16.64191	0.1680	 2.870	 2.466421	 3.1513	 0.9793   
+172.66317	-41.71488	0.1420	 2.497	 1.004167	 1.8571	 0.8284   
 +34.01788	-76.60924	0.2264	 3.631	11.968015	 7.8996	 1.3031   
 +72.91046	-72.16646	0.0857	 1.607	 0.072643	 0.3897	 0.5016   
 +56.66584	 36.55755	0.0960	 1.779	 0.127387	 0.5450	 0.5591   
 -46.19349	-45.49052	0.1846	 3.097	 3.838378	 4.0761	 1.0608   
 -98.35106	 21.81304	0.1450	 2.541	 1.054911	 1.9096	 0.8353   
 +71.65948	 29.79285	0.1565	 2.708	 1.568663	 2.4118	 0.8994   
 +66.72573	 68.45108	0.1813	 3.053	 3.409117	 3.8011	 1.0376   
 +92.96840	-42.55763	0.1500	 2.614	 1.245679	 2.1055	 0.8615   
-121.23869	 63.23465	0.1690	 2.884	 2.337416	 3.0475	 0.9681   
+107.63479	-52.86599	0.1630	 2.800	 1.927804	 2.7218	 0.9342   
 -19.08964	 35.07354	0.2357	 3.743	13.967532	 8.6180	 1.3370   
-152.10227	 50.93459	0.1471	 2.572	 1.116758	 1.9740	 0.8440   
+177.76167	-53.50717	0.1883	 3.146	 4.123734	 4.2465	 1.0740   
-176.96663	 40.95326	0.0951	 1.764	 0.116947	 0.5176	 0.5497   
 +63.92755	-84.46204	0.1382	 2.441	 0.805310	 1.6278	 0.7938   
-142.06612	 44.66146	0.1664	 2.848	 2.129295	 2.8846	 0.9514   
 +90.51788	-41.91351	0.1627	 2.796	 1.884716	 2.6851	 0.9301   
+166.21099	-77.52206	0.1459	 2.555	 1.047931	 1.9006	 0.8337   
-149.08278	 33.96433	0.0980	 1.812	 0.132758	 0.5581	 0.5631   
 -19.61245	 60.58666	0.2528	 3.942	19.721872	10.4956	 1.4189   
  +0.84983	-41.30929	0.1694	 2.890	 2.250919	 2.9774	 0.9605   
+105.38616	-50.46190	0.1698	 2.895	 2.272747	 2.9941	 0.9621   
 -16.55249	 56.33967	0.1259	 2.254	 0.468866	 1.1809	 0.7163   
  +4.14196	 56.83064	0.1954	 3.240	 4.749574	 4.6039	 1.1006   
 +30.27495	 61.33697	0.1080	 1.974	 0.206448	 0.7253	 0.6125   
 +67.50593	 34.74531	0.1754	 2.972	 2.576747	 3.2188	 0.9837   
  +5.89199	-28.26483	0.1728	 2.937	 2.372899	 3.0670	 0.9689   
-136.01299	 69.32099	0.1904	 3.174	 3.833487	 4.0552	 1.0569   
+159.87778	-73.50776	0.2060	 3.377	 5.701343	 5.1051	 1.1349   
 -96.86560	-23.43298	0.2266	 3.633	 9.536792	 6.8771	 1.2442   
-109.11521	-36.27658	0.2000	 3.300	 4.852497	 4.6483	 1.1023   
 +84.46649	 12.62788	0.1850	 3.102	 3.184473	 3.6363	 1.0211   
 -31.38506	-25.22935	0.1797	 3.031	 2.714065	 3.3117	 0.9916   
+159.94575	-59.92060	0.1960	 3.248	 4.271815	 4.3137	 1.0767   
 -67.50472	-17.43768	0.1990	 3.287	 4.608741	 4.5079	 1.0915   
+104.19096	 -5.11131	0.1920	 3.195	 3.773579	 4.0116	 1.0525   
-151.40182	-26.00609	0.2195	 3.546	 7.728559	 6.0827	 1.1974   
-156.63968	 20.90069	0.1894	 3.161	 3.479201	 3.8253	 1.0369   
-142.59908	 10.88272	0.1890	 3.156	 3.427024	 3.7913	 1.0339   
 +70.09603	 39.42518	0.1753	 2.971	 2.291921	 2.9971	 0.9606   
 -46.42600	 41.93836	0.1926	 3.203	 3.746717	 3.9924	 1.0506   
 -47.06722	 55.43524	0.1892	 3.158	 3.386654	 3.7635	 1.0313   
+166.09355	 43.36840	0.2172	 3.518	 7.106236	 5.7894	 1.1788   
+167.11356	-85.69057	0.1603	 2.762	 1.395406	 2.2394	 0.8762   
 +38.93392	 39.98404	0.0980	 1.812	 0.108038	 0.4922	 0.5400   
 -89.35280	-63.19019	0.1709	 2.911	 1.947197	 2.7225	 0.9318   
-162.43606	-21.59299	0.1475	 2.578	 0.883713	 1.7110	 0.8046   
+126.75421	-30.59794	0.1120	 2.037	 0.210839	 0.7326	 0.6138   
+145.58855	 29.41942	0.1170	 2.116	 0.263340	 0.8360	 0.6403   
 -62.11762	-79.53772	0.1630	 2.800	 1.482321	 2.3188	 0.8857   
-165.21876	 35.92816	0.1940	 3.222	 3.748058	 3.9890	 1.0498   
-106.52400	-33.72572	0.1913	 3.186	 3.450361	 3.8005	 1.0339   
  -0.03985	 78.04894	0.1710	 2.912	 1.889759	 2.6730	 0.9261   
+100.87998	 29.19755	0.0971	 1.797	 0.098837	 0.4665	 0.5306   
-177.43747	 55.83589	0.2060	 3.377	 5.030016	 4.7297	 1.1064   
+158.11921	-59.99087	0.1632	 2.803	 1.449151	 2.2867	 0.8815   
 +78.38730	-47.18052	0.1696	 2.893	 1.774552	 2.5751	 0.9151   
+163.87114	 48.54376	0.2140	 3.478	 6.070044	 5.2717	 1.1438   
 +53.67049	-34.47432	0.2347	 3.731	10.024885	 7.0455	 1.2506   
+111.73127	 70.37312	0.1830	 3.076	 2.613452	 3.2283	 0.9821   
 -55.90544	 56.16467	0.1962	 3.250	 3.728618	 3.9698	 1.0473   
 +56.14289	 58.94451	0.1489	 2.598	 0.859608	 1.6807	 0.7994   
  -2.99413	-76.73851	0.1150	 2.085	 0.223131	 0.7568	 0.6198   
 +70.10570	-31.77797	0.1920	 3.195	 3.256025	 3.6665	 1.0214   
 +67.38059	 10.74095	0.2090	 3.415	 5.133317	 4.7777	 1.1089   
 +92.66030	 73.45209	0.2279	 3.649	 8.101197	 6.2197	 1.2026   
+100.80500	 28.29934	0.0859	 1.610	 0.048345	 0.3040	 0.4617   
 -87.98582	-57.84077	0.1360	 2.408	 0.509129	 1.2327	 0.7241   
-168.70242	-26.19565	0.2080	 3.402	 4.834591	 4.6097	 1.0961   
-154.41482	 32.11707	0.1230	 2.210	 0.300903	 0.9029	 0.6556   
-136.83036	 68.37856	0.0610	 1.177	 0.008374	 0.1062	 0.3278   
 +40.27375	 37.32635	0.1535	 2.665	 0.949215	 1.7794	 0.8135   
 -37.36530	-49.14143	0.2112	 3.443	 5.115258	 4.7595	 1.1066   
+129.67075	 40.52768	0.1650	 2.828	 1.349382	 2.1865	 0.8679   
 +94.70406	 26.34888	0.1623	 2.790	 1.234692	 2.0753	 0.8537   
 +43.75471	 43.41802	0.1610	 2.772	 1.170838	 2.0112	 0.8452   
-144.49026	  6.58671	0.2197	 3.549	 6.115780	 5.2729	 1.1416   
-103.50545	-65.70342	0.2195	 3.546	 6.076038	 5.2528	 1.1402   
+100.25250	 82.95376	0.1882	 3.145	 2.635054	 3.2319	 0.9806   
 -13.41564	 35.04798	0.2226	 3.584	 6.427656	 5.4232	 1.1511   
+132.11599	-65.08607	0.1909	 3.181	 2.779734	 3.3322	 0.9897   
 +23.85555	-33.79689	0.2041	 3.352	 3.899712	 4.0556	 1.0518   
 +23.12699	-31.97377	0.1947	 3.231	 3.024164	 3.4979	 1.0045   
 -55.33565	-31.70806	0.1934	 3.214	 2.901909	 3.4143	 0.9969   
+179.53837	 59.93743	0.0926	 1.722	 0.062005	 0.3522	 0.4839   
+138.94574	 40.53311	0.1927	 3.204	 2.831511	 3.3654	 0.9924   
 -42.24167	-19.43125	0.1900	 3.169	 2.593058	 3.1961	 0.9764   
+158.45137	-26.50561	0.1649	 2.827	 1.212633	 2.0487	 0.8493   
 -50.51797	 37.31722	0.2439	 3.839	 9.892675	 6.9392	 1.2401   
 +99.29901	 20.90848	0.1706	 2.906	 1.434823	 2.2605	 0.8758   
 -89.49180	 31.06060	0.2037	 3.347	 3.695643	 3.9260	 1.0406   
+140.64464	 29.43741	0.2149	 3.489	 4.868103	 4.6049	 1.0931   
-102.67719	-22.19325	0.2026	 3.333	 3.530143	 3.8211	 1.0317   
 +25.72053	 70.63134	0.0640	 1.231	 0.008793	 0.1092	 0.3305   
-134.15650	 41.81477	0.2060	 3.377	 3.742222	 3.9492	 1.0418   
 +99.11145	 26.84564	0.2050	 3.364	 3.629950	 3.8795	 1.0360   
-152.31072	-62.41294	0.2070	 3.389	 3.820564	 3.9964	 1.0456   
  -1.85278	-14.81345	0.2030	 3.338	 3.386051	 3.7241	 1.0227   
+174.42432	-57.32350	0.1843	 3.093	 2.007814	 2.7463	 0.9301   
 -62.12426	-22.47503	0.1982	 3.276	 2.944476	 3.4323	 0.9970   
-149.29197	 30.09582	0.2793	 4.237	19.026438	10.0572	 1.3853   
 -33.39678	-58.27575	0.1020	 1.877	 0.089432	 0.4374	 0.5185   
-134.25369	 17.07426	0.1980	 3.274	 2.843394	 3.3605	 0.9900   
+135.92120	 35.91626	0.1503	 2.619	 0.652852	 1.4196	 0.7553   
+145.20774	 32.14916	0.2230	 3.589	 5.329782	 4.8364	 1.1079   
 -41.84671	-29.58659	0.2170	 3.515	 4.543361	 4.4080	 1.0764   
+163.33140	 44.37820	0.2052	 3.366	 3.348174	 3.6924	 1.0190   
-179.42343	 76.66120	0.2138	 3.475	 4.167436	 4.1921	 1.0598   
 +77.38736	-67.42132	0.1911	 3.183	 2.269213	 2.9440	 0.9496   
 -56.95417	-68.56856	0.1873	 3.133	 2.036335	 2.7638	 0.9311   
 -33.22138	 50.27637	0.2021	 3.327	 3.015672	 3.4724	 0.9995   
+144.67302	 54.45047	0.2065	 3.383	 3.377598	 3.7085	 1.0200   
+174.36995	 44.76273	0.1745	 2.960	 1.366723	 2.1881	 0.8652   
-132.00870	 73.34106	0.1310	 2.332	 0.299388	 0.8950	 0.6519   
+153.04760	-58.22601	0.2270	 3.638	 5.525089	 4.9286	 1.1133   
-155.21857	 79.46155	0.1631	 2.802	 0.938697	 1.7549	 0.8071   
+129.87923	-60.65808	0.1967	 3.257	 2.542970	 3.1424	 0.9686   
 +81.58521	 80.71559	0.1820	 3.062	 1.669915	 2.4586	 0.8971   
-165.09900	-27.05848	0.1900	 3.169	 2.089270	 2.8016	 0.9344   
 +92.16961	-66.03349	0.2320	 3.698	 6.107094	 5.2188	 1.1326   
 +12.68535	-31.41236	0.2073	 3.393	 3.310399	 3.6611	 1.0154   
 +33.46497	 48.26129	0.1360	 2.408	 0.351180	 0.9829	 0.6715   
+163.89212	-43.98307	0.1470	 2.571	 0.521279	 1.2406	 0.7230   
+115.00868	 70.33345	0.2259	 3.625	 5.132532	 4.7160	 1.0974   
 +96.20219	 30.33576	0.0879	 1.644	 0.036352	 0.2551	 0.4353   
 +95.99354	-48.63670	0.1800	 3.035	 1.505460	 2.3115	 0.8795   
 +90.58430	-44.58816	0.1260	 2.256	 0.229181	 0.7632	 0.6193   
-120.60005	 47.95787	0.2850	 4.298	18.098963	 9.7115	 1.3664   
+165.49959	 52.44948	0.1330	 2.363	 0.299390	 0.8937	 0.6512   
-153.58050	 37.37264	0.2347	 3.731	 6.156387	 5.2335	 1.1326   
 +96.64468	 27.57632	0.0888	 1.659	 0.036860	 0.2571	 0.4363   
+176.31853	-52.59326	0.2360	 3.746	 6.162332	 5.2314	 1.1319   
+118.89779	 52.37026	0.2200	 3.552	 4.155888	 4.1653	 1.0552   
-147.03806	-84.04344	0.2275	 3.644	 4.979596	 4.6241	 1.0896   
 +60.36394	 33.77559	0.1709	 2.911	 1.052919	 1.8713	 0.8223   
-152.22529	 88.20228	0.1940	 3.222	 2.069583	 2.7771	 0.9304   
 +54.97165	 53.38887	0.2290	 3.662	 5.054695	 4.6611	 1.0920   
+175.84244	-85.97114	0.2300	 3.674	 5.160525	 4.7167	 1.0959   
+143.26676	 65.22538	0.2110	 3.440	 3.214715	 3.5861	 1.0071   
+143.62214	 42.58369	0.2060	 3.377	 2.815652	 3.3203	 0.9833   
-165.98379	 21.90293	0.1577	 2.725	 0.677439	 1.4441	 0.7577   
+131.07077	 29.96809	0.2000	 3.300	 2.384622	 3.0141	 0.9541   
+100.14079	 41.67138	0.2339	 3.721	 5.507116	 4.8927	 1.1078   
 -93.97474	-21.24759	0.2965	 4.418	20.425901	10.3599	 1.3902   
-151.17128	-30.66029	0.2475	 3.881	 7.445150	 5.8187	 1.1679   
 +11.09817	-63.84769	0.2240	 3.601	 4.298821	 4.2390	 1.0598   
-170.46744	-25.12321	0.2450	 3.852	 7.010899	 5.6202	 1.1555   
 -48.33808	 40.93495	0.1640	 2.814	 0.806904	 1.5992	 0.7822   
+117.15370	 81.72230	0.1585	 2.737	 0.665544	 1.4278	 0.7546   
  -9.91382	 45.30444	0.2200	 3.552	 3.831716	 3.9640	 1.0379   
 +89.50590	-47.94439	0.1992	 3.289	 2.238692	 2.9020	 0.9424   
-107.58449	-32.45789	0.1350	 2.393	 0.284145	 0.8644	 0.6436   
 +99.48452	 37.73599	0.1668	 2.854	 0.859751	 1.6588	 0.7910   
 -12.84791	-27.34805	0.2371	 3.759	 5.672293	 4.9694	 1.1123   
+137.48120	-84.94699	0.1160	 2.101	 0.128009	 0.5389	 0.5533   
-119.33984	-60.39519	0.2192	 3.542	 3.639374	 3.8438	 1.0276   
 +97.45354	 29.39910	0.0617	 1.190	 0.005052	 0.0780	 0.2957   
 -24.64935	 71.43830	0.0850	 1.595	 0.025591	 0.2064	 0.4059   
-110.16216	-68.11983	0.2280	 3.650	 4.476850	 4.3319	 1.0660   
 -39.84797	-25.75838	0.1410	 2.482	 0.345098	 0.9689	 0.6672   
-142.48408	-66.37473	0.2216	 3.572	 3.823944	 3.9543	 1.0365   
 +42.26900	 73.27097	0.1180	 2.132	 0.136141	 0.5587	 0.5596   
-139.82150	 22.93889	0.2248	 3.611	 4.103032	 4.1177	 1.0493   
-107.29903	-44.79064	0.1310	 2.332	 0.230712	 0.7635	 0.6183   
 +30.38934	 61.10861	0.2579	 4.000	 8.628537	 6.3150	 1.1956   
 +94.67691	 30.29290	0.0846	 1.588	 0.024258	 0.1998	 0.4016   
+139.12265	-61.55061	0.1756	 2.975	 1.062813	 1.8755	 0.8216   
+116.96347	-53.55223	0.2546	 3.963	 7.857653	 5.9801	 1.1755   
 +32.89041	 41.03086	0.1120	 2.037	 0.099588	 0.4637	 0.5270   
 +97.26014	 21.03362	0.1886	 3.150	 1.515948	 2.3064	 0.8762   
 +70.35105	-30.15934	0.2076	 3.397	 2.533328	 3.1093	 0.9614   
 -17.68303	-34.93511	0.2320	 3.698	 4.609207	 4.3960	 1.0697   
+172.66704	 31.53210	0.1868	 3.126	 1.421306	 2.2205	 0.8657   
-150.42478	 43.34822	0.1920	 3.195	 1.643770	 2.4169	 0.8889   
+113.27990	-54.74769	0.1700	 2.898	 0.858176	 1.6530	 0.7892   
 +89.32934	-78.12093	0.1890	 3.156	 1.483752	 2.2757	 0.8722   
+157.99472	-35.53932	0.1220	 2.194	 0.147644	 0.5854	 0.5676   
-133.26311	 48.94463	0.2245	 3.608	 3.725047	 3.8829	 1.0291   
 +97.91685	 33.47117	0.0861	 1.614	 0.024245	 0.1995	 0.4013   
+175.93674	 59.11404	0.1250	 2.241	 0.163428	 0.6214	 0.5785   
-134.09863	-54.67094	0.1500	 2.614	 0.421145	 1.0869	 0.6911   
 +78.57851	 40.63752	0.1990	 3.287	 1.878145	 2.6077	 0.9095   
+127.85821	 45.04310	0.1912	 3.185	 1.504147	 2.2909	 0.8734   
 +86.46297	 15.29603	0.2600	 4.024	 7.960610	 6.0024	 1.1747   
 +95.83937	 56.09270	0.1250	 2.241	 0.158832	 0.6107	 0.5751   
 -51.54156	 24.23383	0.2553	 3.971	 7.145512	 5.6404	 1.1526   
+157.31341	-26.78170	0.3560	 4.994	14.700000	16.4000	 1.5800   
 +95.23512	-39.89190	0.1540	 2.672	 0.462149	 1.1469	 0.7026   
 +72.38203	 56.63385	0.1370	 2.423	 0.249047	 0.7965	 0.6258   
+162.43540	-72.00638	0.2108	 3.438	 2.437859	 3.0300	 0.9521   
+123.73368	 34.66906	0.2053	 3.368	 2.099382	 2.7776	 0.9267   
+104.30747	-49.00075	0.2033	 3.342	 1.990205	 2.6927	 0.9178   
+140.25300	 39.69317	0.1850	 3.102	 1.197294	 2.0027	 0.8370   
 -52.11530	 13.65898	0.2270	 3.638	 3.590285	 3.7894	 1.0199   
-173.63686	 37.26150	0.2820	 4.266	11.891012	 7.5349	 1.2570   
+113.79460	 44.37074	0.2250	 3.614	 3.412967	 3.6798	 1.0107   
+108.56378	-14.66884	0.2420	 3.817	 5.047277	 4.6104	 1.0829   
-158.21306	-29.62459	0.1770	 2.994	 0.930790	 1.7279	 0.7990   
 +14.81888	-63.61302	0.2460	 3.864	 5.495441	 4.8409	 1.0990   
-101.21407	 27.93494	0.1050	 1.925	 0.060155	 0.3427	 0.4776   
-151.45131	 81.45237	0.1790	 3.022	 0.976020	 1.7760	 0.8058   
-111.37300	 48.91274	0.1390	 2.453	 0.256683	 0.8101	 0.6289   
-115.63329	-32.13020	0.2839	 4.286	11.952927	 7.5474	 1.2568   
-136.08938	-60.09372	0.2537	 3.953	 6.258801	 5.2091	 1.1231   
+119.93113	 59.11871	0.1961	 3.249	 1.490356	 2.2697	 0.8692   
 -34.34158	-38.12317	0.1300	 2.317	 0.168025	 0.6298	 0.5801   
+100.02188	 23.72575	0.2103	 3.431	 2.136681	 2.7969	 0.9272   
 +89.78348	-39.53616	0.2502	 3.912	 5.460739	 4.8065	 1.0947   
-157.91941	 75.55861	0.1490	 2.600	 0.335973	 0.9477	 0.6604   
-130.96174	 58.87798	0.2108	 3.438	 2.072777	 2.7446	 0.9212   
+106.21055	 74.98667	0.2011	 3.314	 1.597932	 2.3593	 0.8790   
+100.20458	 65.20159	0.1670	 2.856	 0.592506	 1.3218	 0.7333   
+116.47752	-29.32560	0.2260	 3.626	 2.992847	 3.3939	 0.9834   
 +77.16374	-65.45670	0.2510	 3.922	 5.307297	 4.7207	 1.0879   
 +20.04399	 48.25041	0.1340	 2.378	 0.183334	 0.6622	 0.5891   
-172.45775	 71.60025	0.2212	 3.567	 2.606092	 3.1308	 0.9590   
-137.00869	-65.71964	0.2323	 3.702	 3.399513	 3.6504	 1.0053   
+154.44119	-54.76051	0.1650	 2.828	 0.533551	 1.2418	 0.7187   
 -97.75385	-35.37755	0.2952	 4.405	12.598125	 7.7238	 1.2612   
 +99.24151	 29.84315	0.0994	 1.834	 0.037882	 0.2595	 0.4361   
 +47.73403	-59.49098	0.2472	 3.878	 4.663794	 4.3759	 1.0622   
 -43.73650	  6.26229	0.3000	 4.454	13.687554	 8.0935	 1.2787   
+131.03964	-61.57427	0.2537	 3.953	 5.363201	 4.7410	 1.0884   
-173.41566	-52.61710	0.1350	 2.393	 0.183334	 0.6618	 0.5887   
 +53.90057	-26.59550	0.1694	 2.890	 0.595973	 1.3241	 0.7331   
+155.05169	 70.91989	0.1740	 2.953	 0.682912	 1.4338	 0.7516   
 -65.10142	-61.79071	0.2510	 3.922	 4.935834	 4.5164	 1.0719   
-135.10973	 15.94712	0.2700	 4.135	 7.369961	 5.6820	 1.1492   
+115.68061	 44.02116	0.2143	 3.481	 2.062938	 2.7294	 0.9184   
-150.93306	-26.49480	0.1250	 2.241	 0.119261	 0.5128	 0.5426   
-144.43314	 32.12525	0.1150	 2.085	 0.075197	 0.3899	 0.4969   
 +49.19502	 65.07890	0.2340	 3.722	 3.227676	 3.5321	 0.9937   
-134.40116	 48.81026	0.1660	 2.842	 0.506973	 1.2028	 0.7109   
 -87.72622	-25.67414	0.1570	 2.715	 0.377075	 1.0108	 0.6729   
+162.49430	-72.22181	0.2143	 3.481	 1.970695	 2.6543	 0.9099   
 +49.04701	 71.06125	0.1860	 3.116	 0.916337	 1.7001	 0.7922   
 +22.35245	-75.95006	0.2260	 3.626	 2.510200	 3.0488	 0.9489   
 -10.51626	-59.93309	0.3475	 4.917	27.166569	11.8328	 1.4256   
-100.02913	-63.45168	0.2836	 4.283	 8.499136	 6.1319	 1.1728   
 -68.16275	 32.30728	0.1710	 2.912	 0.539869	 1.2452	 0.7179   
 -27.64054	 28.27367	0.1750	 2.967	 0.609173	 1.3363	 0.7340   
+155.50292	-60.19677	0.2438	 3.838	 3.621345	 3.7602	 1.0111   
 +57.26401	-45.35767	0.3970	 5.348	24.000000	18.1000	 1.6100   
-118.25553	-30.88110	0.2708	 4.144	 6.197377	 5.1091	 1.1088   
+150.25513	 48.71442	0.2055	 3.370	 1.365361	 2.1364	 0.8490   
-164.61182	-29.09525	0.2842	 4.289	 8.094954	 5.9496	 1.1608   
  -9.30650	-27.33951	0.2665	 4.097	 5.631362	 4.8355	 1.0904   
+105.63281	 48.96985	0.1460	 2.556	 0.220032	 0.7337	 0.6071   
 -81.40973	 39.15777	0.3075	 4.531	12.461967	 7.5980	 1.2485   
 +87.02543	-57.36021	0.2779	 4.221	 6.899544	 5.4242	 1.1282   
 -65.33159	-37.04968	0.2742	 4.181	 6.344215	 5.1687	 1.1117   
 +99.55350	 27.20125	0.2057	 3.373	 1.310104	 2.0829	 0.8418   
 +81.00274	-50.91215	0.2998	 4.452	10.423165	 6.8558	 1.2100   
  +8.93717	-81.24033	0.3066	 4.522	11.818114	 7.3614	 1.2359   
 -69.94124	 43.61297	0.2690	 4.124	 5.644133	 4.8327	 1.0892   
 +98.62892	 23.19446	0.2471	 3.877	 3.522396	 3.6878	 1.0033   
 +88.61617	-85.82769	0.1120	 2.037	 0.052265	 0.3130	 0.4623   
 -96.26799	 60.47245	0.1270	 2.271	 0.099899	 0.4596	 0.5228   
-178.36162	 28.73182	0.2203	 3.556	 1.851188	 2.5432	 0.8951   
 +86.57629	 30.24328	0.2263	 3.629	 2.129747	 2.7575	 0.9176   
+123.56189	 46.15735	0.2250	 3.614	 2.063762	 2.7077	 0.9124   
+122.16643	 47.61318	0.2270	 3.638	 2.162318	 2.7816	 0.9200   
-129.45378	-34.42380	0.1360	 2.408	 0.141671	 0.5651	 0.5583   
-136.78317	-68.82327	0.2138	 3.475	 1.547860	 2.2917	 0.8666   
-109.09579	-55.91884	0.1490	 2.600	 0.226144	 0.7445	 0.6094   
 +73.83899	-54.92267	0.2966	 4.419	 9.365930	 6.4393	 1.1864   
-133.09094	 71.92525	0.1330	 2.363	 0.122489	 0.5182	 0.5430   
 -33.13383	 25.56309	0.2410	 3.805	 2.891941	 3.2855	 0.9676   
 -19.84898	-33.23229	0.2786	 4.229	 6.390161	 5.1735	 1.1103   
-109.42972	-56.03343	0.1580	 2.729	 0.294843	 0.8694	 0.6397   
  -2.03191	-48.01616	0.1850	 3.102	 0.680264	 1.4187	 0.7461   
 +18.13883	-60.01605	0.2515	 3.927	 3.594990	 3.7212	 1.0047   
-179.20290	-61.54099	0.1490	 2.600	 0.212396	 0.7165	 0.6017   
 +93.04617	 29.44887	0.0907	 1.691	 0.016324	 0.1563	 0.3693   
+127.28875	 47.16830	0.1070	 1.958	 0.036944	 0.2542	 0.4320   
 +60.84901	 34.20232	0.0910	 1.696	 0.015804	 0.1532	 0.3668   
 +87.47543	 73.56650	0.1690	 2.884	 0.390780	 1.0240	 0.6730   
 +94.42138	 36.18060	0.2250	 3.614	 1.786504	 2.4797	 0.8861   
-154.05654	-39.47901	0.4430	 5.708	29.100000	22.1000	 1.6900   
 +73.32492	-80.02530	0.2773	 4.215	 5.571336	 4.7634	 1.0807   
 +85.14383	 48.71947	0.1120	 2.037	 0.043596	 0.2802	 0.4455   
 +94.02060	-82.22003	0.3520	 4.958	11.900000	10.2000	 1.3500   
 +68.97056	 28.97449	0.2296	 3.669	 1.906080	 2.5705	 0.8953   
+133.52713	 69.03985	0.2540	 3.956	 3.320813	 3.5386	 0.9871   
 +24.25773	  7.44592	0.3050	 4.505	 9.165294	 6.3125	 1.1748   
+135.69716	 32.52840	0.2600	 4.024	 3.744904	 3.7899	 1.0078   
-129.74933	-34.38104	0.1310	 2.332	 0.094671	 0.4435	 0.5159   
+138.31825	-39.83298	0.2803	 4.247	 5.586698	 4.7601	 1.0792   
-149.82462	 50.92311	0.2440	 3.840	 2.584085	 3.0604	 0.9439   
-165.60117	 14.10374	0.2890	 4.340	 6.603054	 5.2347	 1.1104   
 +95.30793	 26.30092	0.1621	 2.788	 0.285212	 0.8494	 0.6339   
 +69.74594	  9.80599	0.3140	 4.596	10.460418	 6.7932	 1.1999   
 +39.07411	 79.41745	0.1300	 2.317	 0.088286	 0.4254	 0.5089   
-174.49008	 46.45789	0.2472	 3.878	 2.715229	 3.1464	 0.9516   
+106.75818	-83.23941	0.2924	 4.376	 6.907787	 5.3663	 1.1182   
 +99.61891	 24.95422	0.2415	 3.811	 2.376503	 2.9137	 0.9294   
+140.89564	 43.55965	0.2010	 3.313	 0.870549	 1.6292	 0.7769   
 +21.13705	 45.46768	0.2260	 3.626	 1.597991	 2.3149	 0.8657   
 +96.00606	-39.61230	0.2018	 3.323	 0.857558	 1.6134	 0.7742   
-126.99116	 23.67523	0.1920	 3.195	 0.651822	 1.3750	 0.7366   
+114.29046	 64.90461	0.2836	 4.283	 5.423392	 4.6626	 1.0705   
+177.23590	-61.60644	0.1630	 2.800	 0.265864	 0.8132	 0.6246   
 -45.11465	 32.04692	0.1890	 3.156	 0.581972	 1.2861	 0.7211   
 +46.08883	 27.18876	0.3890	 5.282	 9.300000	12.8000	 1.4300   
 +90.82143	-28.24946	0.3040	 4.495	 7.436485	 5.5615	 1.1267   
+135.03132	 36.05332	0.3450	 4.894	20.000000	 8.5000	 1.2700   
+125.69484	 53.86017	0.3019	 4.474	 7.051162	 5.3930	 1.1161   
 -19.48652	 29.49534	0.3152	 4.608	 8.972247	 6.1805	 1.1621   
 +94.23688	 31.57059	0.1790	 3.022	 0.399458	 1.0301	 0.6720   
-175.25799	 28.90385	0.2880	 4.329	 5.332254	 4.5987	 1.0638   
 -76.74643	-78.16005	0.1220	 2.194	 0.052725	 0.3124	 0.4604   
 +47.94898	 54.64392	0.3450	 4.894	14.727650	 8.1627	 1.2608   
-165.32677	 25.69894	0.2315	 3.692	 1.546824	 2.2599	 0.8571   
 +11.75273	-37.98262	0.3230	 4.685	 6.100000	 6.6000	 1.1800   
+167.47710	 66.90482	0.1950	 3.235	 0.606205	 1.3125	 0.7245   
 +80.65351	 48.30361	0.2354	 3.739	 1.676440	 2.3664	 0.8691   
-139.40627	 26.82695	0.2651	 4.081	 3.221154	 3.4434	 0.9742   
+137.23299	 74.95766	0.1760	 2.981	 0.346667	 0.9469	 0.6541   
 +12.25450	-75.74733	0.1840	 3.089	 0.436396	 1.0831	 0.6822   
+132.49195	-17.26907	0.3410	 4.856	13.154815	 7.6442	 1.2354   
+138.80788	-43.20429	0.1760	 2.981	 0.337531	 0.9316	 0.6506   
 +60.93572	-20.20745	0.2232	 3.592	 1.208608	 1.9567	 0.8193   
 -19.95078	-52.40058	0.1740	 2.953	 0.314678	 0.8940	 0.6421   
-133.49563	 39.67892	0.2610	 4.035	 2.826248	 3.1897	 0.9511   
+107.07544	 65.43632	0.2800	 4.244	 4.177079	 3.9877	 1.0175   
 +91.18571	 62.33115	0.2806	 4.251	 4.215661	 4.0082	 1.0190   
 +88.35849	 72.56830	0.1400	 2.468	 0.097808	 0.4495	 0.5166   
 +18.55195	-25.69915	0.3171	 4.627	 8.163105	 5.8255	 1.1386   
 +96.86347	 52.48884	0.3179	 4.635	 8.276290	 5.8708	 1.1412   
 +67.73468	 67.57762	0.1630	 2.800	 0.213935	 0.7123	 0.5976   
-109.01474	-45.55719	0.2130	 3.465	 0.884178	 1.6298	 0.7737   
 +87.52915	-44.23789	0.2610	 4.035	 2.687512	 3.0933	 0.9414   
 -75.00560	-38.31074	0.2290	 3.662	 1.305728	 2.0420	 0.8293   
 +71.38483	 59.54183	0.2917	 4.368	 4.894797	 4.3520	 1.0430   
 +22.08068	-32.70090	0.1800	 3.035	 0.348551	 0.9472	 0.6533   
 +56.93990	-55.08828	0.4470	 5.737	15.200000	17.4000	 1.5600   
-166.22673	-76.95694	0.2781	 4.224	 3.661889	 3.6857	 0.9918   
-149.93013	-60.96181	0.3220	 4.675	 6.225947	 5.8788	 1.1400   
+135.21708	 75.44091	0.1890	 3.156	 0.430329	 1.0699	 0.6782   
 +88.13680	-40.10388	0.2470	 3.875	 1.809870	 2.4573	 0.8764   
+176.59554	-48.82170	0.1940	 3.222	 0.488026	 1.1508	 0.6936   
  +5.46651	-31.02227	0.1720	 2.926	 0.253659	 0.7850	 0.6153   
+151.17582	 48.25839	0.3530	 4.967	13.414886	 7.6611	 1.2307   
+136.21970	-23.74332	0.2993	 4.447	 5.161802	 4.4682	 1.0493   
 -83.17988	-59.81442	0.3432	 4.877	10.986960	 6.8371	 1.1893   
-102.87109	 55.62863	0.3499	 4.939	12.258363	 7.2696	 1.2108   
-153.44286	-64.12757	0.3140	 4.596	13.220298	 5.0925	 1.0900   
